N1,N2,N10,N100
0,0.122649,0.449784,0.571676,0.468197
1,0.856702,0.317956,0.53246,0.485344
2,0.016809,0.273672,0.347158,0.504276
3,0.593749,0.18967,0.575555,0.536341
4,0.907819,0.237611,0.540018,0.488617
5,0.0757239,0.525443,0.441445,0.516863
6,0.166787,0.626512,0.481851,0.476649
7,0.901693,0.461665,0.62842,0.554935
8,0.237409,0.457021,0.470688,0.541509
9,0.310255,0.445949,0.358979,0.494089
10,0.696479,0.680448,0.636985,0.534713
11,0.815426,0.424307,0.519314,0.520812
12,0.6077,0.0720442,0.48425,0.47824
13,0.157235,0.567802,0.551245,0.560906
14,0.92715,0.885436,0.370293,0.50928
15,0.0162102,0.566051,0.643253,0.46167
16,0.214987,0.698049,0.540444,0.498535
17,0.501902,0.317913,0.528509,0.482873
18,0.695842,0.508926,0.386208,0.488299
19,0.00988832,0.220532,0.402695,0.509267
20,0.238043,0.548617,0.415528,0.480898
21,0.314714,0.524338,0.650553,0.533784
22,0.609392,0.541545,0.612876,0.513305
23,0.0210986,0.741073,0.390729,0.549941
24,0.852984,0.507534,0.337573,0.52909
25,0.142398,0.850029,0.54425,0.497318
26,0.13111,0.415661,0.529648,0.52163
27,0.287594,0.505506,0.460257,0.440327
28,0.529847,0.884314,0.627029,0.521383
29,0.78103,0.590448,0.58202,0.464817
30,0.294383,0.211658,0.637862,0.478605
31,0.583356,0.37249,0.520294,0.497697
32,0.624109,0.833037,0.47378,0.535618
33,0.500778,0.195167,0.568155,0.480893
34,0.922984,0.318864,0.686646,0.468912
35,0.400808,0.605472,0.355081,0.508246
36,0.62169,0.662095,0.563007,0.500548
37,0.197545,0.521282,0.505126,0.506429
38,0.0476384,0.845555,0.387372,0.492744
39,0.48411,0.310932,0.513873,0.48504
40,0.0349663,0.270207,0.592677,0.49658
41,0.415746,0.486753,0.502352,0.472445
42,0.0451686,0.775228,0.583889,0.516129
43,0.313548,0.404265,0.426097,0.512804
44,0.448176,0.207987,0.520327,0.503727
45,0.976972,0.483974,0.371191,0.48476
46,0.0992363,0.346635,0.561795,0.51338
47,0.15047,0.508021,0.502546,0.479443
48,0.798015,0.44294,0.313286,0.520523
49,0.338349,0.345107,0.53547,0.492152
50,0.505632,0.857873,0.41243,0.493862
51,0.787003,0.678813,0.420456,0.461847
52,0.0300864,0.92014,0.394461,0.536425
53,0.387663,0.215494,0.377451,0.451372
54,0.641635,0.587315,0.412014,0.557937
55,0.0973359,0.314532,0.478244,0.501215
56,0.831174,0.144644,0.577626,0.536317
57,0.47423,0.47181,0.423014,0.509701
58,0.0159947,0.376372,0.492078,0.543582
59,0.719108,0.563167,0.551369,0.513581
60,0.394572,0.510906,0.436657,0.535521
61,0.608309,0.58707,0.522833,0.566145
62,0.54747,0.283162,0.485072,0.523712
63,0.0344867,0.276885,0.378728,0.534519
64,0.980392,0.777838,0.579663,0.466781
65,0.189466,0.552202,0.471658,0.479878
66,0.325926,0.307112,0.512424,0.54523
67,0.369576,0.455881,0.54134,0.450877
68,0.390827,0.806588,0.491375,0.538407
69,0.816438,0.758176,0.576337,0.530404
70,0.737124,0.27958,0.68744,0.51709
71,0.755564,0.819072,0.431201,0.561895
72,0.0538717,0.375416,0.517744,0.489626
73,0.877187,0.455621,0.373156,0.517152
74,0.53338,0.454659,0.440848,0.481834
75,0.431756,0.423833,0.405255,0.510001
76,0.0163021,0.558114,0.310372,0.501756
77,0.126115,0.560086,0.332228,0.483179
78,0.666088,0.51975,0.513678,0.470988
79,0.724441,0.622871,0.521899,0.487922
80,0.262486,0.857984,0.402453,0.44136
81,0.452897,0.367549,0.484325,0.492278
82,0.328031,0.142063,0.533973,0.489907
83,0.18024,0.268885,0.497342,0.471354
84,0.0306056,0.149473,0.592211,0.495771
85,0.879632,0.0810454,0.564504,0.502447
86,0.454906,0.302319,0.496859,0.475116
87,0.51075,0.319999,0.316062,0.500289
88,0.479294,0.177799,0.566716,0.516529
89,0.554597,0.507353,0.57533,0.450312
90,0.084206,0.130449,0.460094,0.502325
91,0.628265,0.912033,0.490514,0.459937
92,0.608876,0.149346,0.473285,0.479042
93,0.424993,0.632146,0.506406,0.467079
94,0.549681,0.402219,0.470718,0.544131
95,0.900214,0.785636,0.284687,0.484208
96,0.86191,0.620898,0.364776,0.496381
97,0.369524,0.479824,0.569312,0.50086
98,0.991139,0.49554,0.436235,0.533374
99,0.77149,0.612994,0.476176,0.498432
100,0.573494,0.834962,0.498799,0.483328
101,0.0753969,0.354994,0.568997,0.474151
102,0.478879,0.717817,0.492085,0.514206
103,0.616705,0.373527,0.501544,0.528758
104,0.324868,0.785137,0.511552,0.497748
105,0.792532,0.0782823,0.572149,0.497781
106,0.992326,0.341121,0.404548,0.513573
107,0.57483,0.781457,0.66707,0.485952
108,0.342632,0.625806,0.529495,0.476792
109,0.448915,0.189328,0.476146,0.520149
110,0.262421,0.322455,0.555764,0.469017
111,0.141838,0.358646,0.555901,0.501406
112,0.104933,0.122911,0.603685,0.434691
113,0.341825,0.501517,0.641938,0.536976
114,0.202251,0.50679,0.518898,0.58493
115,0.376617,0.249502,0.455292,0.490636
116,0.146231,0.298383,0.392255,0.518457
117,0.825993,0.250751,0.631492,0.483547
118,0.331738,0.63826,0.642595,0.501621
119,0.104182,0.154211,0.483514,0.509605
120,0.230721,0.933468,0.478482,0.512129
121,0.915976,0.466372,0.373573,0.517287
122,0.677761,0.329695,0.58354,0.455164
123,0.83939,0.362986,0.52214,0.474469
124,0.284616,0.41186,0.460047,0.515867
125,0.539361,0.375775,0.246304,0.520101
126,0.434746,0.414982,0.475044,0.469164
127,0.134039,0.545588,0.45039,0.476028
128,0.0888283,0.310774,0.506752,0.542426
129,0.0718433,0.0923277,0.374549,0.510956
130,0.942801,0.547287,0.581902,0.522475
131,0.469264,0.612941,0.415964,0.483811
132,0.242073,0.557983,0.549042,0.532136
133,0.725402,0.173422,0.545364,0.531136
134,0.927414,0.786435,0.513258,0.512817
135,0.941048,0.73443,0.630929,0.526653
136,0.472009,0.799026,0.580404,0.552617
137,0.0362341,0.703948,0.48394,0.546493
138,0.49927,0.0804705,0.554586,0.550359
139,0.0558346,0.266367,0.608758,0.539328
140,0.317302,0.357265,0.548053,0.507801
141,0.0179581,0.87963,0.431346,0.499001
142,0.0938142,0.391958,0.608109,0.495832
143,0.670706,0.912157,0.504033,0.498561
144,0.500842,0.878964,0.54553,0.521668
145,0.134826,0.341593,0.437243,0.498192
146,0.703184,0.213876,0.431786,0.49497
147,0.152204,0.569024,0.511724,0.514128
148,0.0947872,0.557037,0.447806,0.47713
149,0.955038,0.142779,0.626403,0.502773
150,0.689315,0.390183,0.436348,0.508045
151,0.332223,0.382684,0.547839,0.48699
152,0.628653,0.404254,0.646504,0.553892
153,0.7301,0.290348,0.505599,0.482968
154,0.844355,0.592319,0.49641,0.495454
155,0.919774,0.581153,0.474595,0.479095
156,0.555736,0.645554,0.414894,0.497713
157,0.995807,0.575651,0.422966,0.541197
158,0.766786,0.157219,0.476596,0.475651
159,0.26397,0.43007,0.445728,0.498808
160,0.57033,0.728303,0.386502,0.466349
161,0.105716,0.331621,0.538639,0.566576
162,0.0392586,0.479866,0.550301,0.500723
163,0.305022,0.570306,0.51303,0.509547
164,0.914329,0.579922,0.457602,0.46643
165,0.109734,0.491181,0.564051,0.508748
166,0.0234128,0.551198,0.643466,0.570534
167,0.214076,0.677552,0.423334,0.512258
168,0.439033,0.50794,0.574687,0.454803
169,0.0179712,0.691415,0.516035,0.467676
170,0.630765,0.380244,0.477039,0.464009
171,0.595567,0.123782,0.402926,0.517516
172,0.36465,0.53422,0.358137,0.554062
173,0.901678,0.196403,0.636647,0.534631
174,0.395993,0.340008,0.480726,0.493896
175,0.662596,0.610198,0.518262,0.530464
176,0.630647,0.541526,0.520136,0.484496
177,0.855691,0.303809,0.46357,0.489639
178,0.18487,0.894713,0.540892,0.539601
179,0.920408,0.256403,0.550012,0.469098
180,0.83578,0.507801,0.398151,0.485085
181,0.176195,0.550991,0.500018,0.493411
182,0.435258,0.728831,0.423008,0.514403
183,0.497973,0.734212,0.441302,0.518851
184,0.0642027,0.495116,0.44743,0.518728
185,0.508102,0.527704,0.515354,0.506361
186,0.883566,0.0958333,0.532593,0.524074
187,0.214288,0.777679,0.487639,0.556474
188,0.577112,0.692299,0.381776,0.508339
189,0.721264,0.203873,0.48407,0.499886
190,0.105063,0.389003,0.469137,0.521552
191,0.0843523,0.521681,0.619924,0.524288
192,0.26733,0.491412,0.348695,0.509978
193,0.13593,0.349423,0.404579,0.519784
194,0.134473,0.222908,0.468697,0.507303
195,0.558725,0.545687,0.575201,0.499362
196,0.933109,0.679529,0.462733,0.498549
197,0.906103,0.503373,0.381182,0.509736
198,0.0799784,0.979504,0.468783,0.470399
199,0.117648,0.84037,0.621876,0.456413
200,0.489188,0.782334,0.351689,0.504968
201,0.0741868,0.873301,0.440999,0.493219
202,0.551826,0.657244,0.372389,0.406546
203,0.642324,0.473247,0.564147,0.55083
204,0.0162805,0.401,0.70944,0.467844
205,0.439689,0.533418,0.61821,0.511351
206,0.355059,0.367273,0.407701,0.494278
207,0.467061,0.493903,0.438759,0.519264
208,0.529154,0.597115,0.373404,0.486842
209,0.0658016,0.546906,0.384083,0.485978
210,0.109906,0.412698,0.509671,0.409819
211,0.350558,0.7653,0.468099,0.497519
212,0.149308,0.623403,0.494358,0.510665
213,0.326064,0.560344,0.53362,0.513188
214,0.0343237,0.592361,0.685432,0.457618
215,0.435106,0.798503,0.566449,0.473996
216,0.287937,0.753953,0.543485,0.484318
217,0.933451,0.587094,0.446591,0.531212
218,0.228995,0.779322,0.425995,0.532766
219,0.200296,0.354626,0.518085,0.514531
220,0.921823,0.382992,0.371185,0.504662
221,0.679439,0.381884,0.398026,0.484886
222,0.529686,0.588786,0.312941,0.521399
223,0.543016,0.298207,0.551308,0.481104
224,0.178615,0.744305,0.521604,0.499395
225,0.642661,0.467595,0.464094,0.430286
226,0.825389,0.785273,0.424463,0.456205
227,0.476921,0.366373,0.60347,0.430351
228,0.49448,0.425396,0.605835,0.494409
229,0.626583,0.651944,0.604659,0.479275
230,0.0798137,0.261794,0.516242,0.489306
231,0.0597243,0.271263,0.378121,0.513258
232,0.478478,0.245045,0.49779,0.491935
233,0.492444,0.598403,0.44174,0.493406
234,0.941034,0.294499,0.64784,0.449489
235,0.511974,0.680094,0.393663,0.527347
236,0.382555,0.525982,0.454491,0.503961
237,0.0259266,0.211805,0.519595,0.516353
238,0.488655,0.737096,0.515666,0.523054
239,0.04145,0.106217,0.557741,0.507483
240,0.458402,0.384758,0.254531,0.521132
241,0.890435,0.471726,0.640353,0.457615
242,0.464791,0.335029,0.472684,0.457785
243,0.556813,0.771329,0.405228,0.51856
244,0.363425,0.499482,0.534357,0.468532
245,0.172258,0.290421,0.419828,0.489152
246,0.286063,0.437446,0.559018,0.560882
247,0.635254,0.426937,0.429473,0.498085
248,0.694848,0.0865746,0.584346,0.510617
249,0.827718,0.568827,0.389728,0.539717
250,0.666346,0.655087,0.395036,0.439361
251,0.162894,0.502991,0.423559,0.491616
252,0.376873,0.266198,0.410092,0.544751
253,0.0328594,0.14353,0.360589,0.525391
254,0.128232,0.106834,0.520465,0.483625
255,0.823737,0.521653,0.325226,0.509388
256,0.350428,0.931017,0.696326,0.465658
257,0.764194,0.716589,0.417773,0.513044
258,0.785253,0.531543,0.483168,0.491919
259,0.871809,0.400144,0.707796,0.49579
260,0.324303,0.525688,0.321233,0.493209
261,0.875368,0.28328,0.301561,0.507658
262,0.183338,0.492342,0.435595,0.528302
263,0.649403,0.68183,0.349518,0.509992
264,0.40236,0.728441,0.51003,0.527638
265,0.168589,0.852181,0.459926,0.513427
266,0.751592,0.507592,0.593999,0.485004
267,0.348348,0.680024,0.502211,0.458379
268,0.52253,0.39742,0.503273,0.476205
269,0.399604,0.407173,0.48494,0.448811
270,0.488066,0.608623,0.526662,0.509567
271,0.256028,0.482499,0.51144,0.507925
272,0.803969,0.361736,0.524918,0.522709
273,0.427886,0.298726,0.364051,0.461124
274,0.261204,0.513884,0.595876,0.488455
275,0.857377,0.422423,0.646805,0.471712
276,0.229928,0.821502,0.607399,0.507824
277,0.675065,0.46709,0.39656,0.508168
278,0.813404,0.849749,0.580655,0.49489
279,0.820694,0.336444,0.501722,0.458703
280,0.382765,0.956041,0.468402,0.538242
281,0.249147,0.674415,0.431818,0.511852
282,0.887439,0.229672,0.411525,0.464868
283,0.190448,0.253856,0.624397,0.432272
284,0.137338,0.57116,0.401241,0.532697
285,0.312739,0.526247,0.554603,0.547986
286,0.443329,0.67805,0.476389,0.499769
287,0.624001,0.330414,0.740069,0.476002
288,0.909489,0.553354,0.465387,0.532407
289,0.0224383,0.452028,0.538325,0.491508
290,0.682858,0.567881,0.391045,0.496992
291,0.790604,0.282205,0.601023,0.478568
292,0.00324673,0.412245,0.735316,0.504026
293,0.364333,0.633922,0.558665,0.518611
294,0.447742,0.209411,0.515448,0.504759
295,0.117271,0.402334,0.424965,0.51726
296,0.215873,0.715952,0.437053,0.538942
297,0.896732,0.455366,0.347521,0.465532
298,0.808303,0.320371,0.345934,0.498938
299,0.903938,0.756819,0.510976,0.464553
300,0.712328,0.253642,0.387212,0.50065
301,0.443977,0.404863,0.495262,0.494605
302,0.52126,0.229312,0.395366,0.50657
303,0.894404,0.344248,0.400194,0.504221
304,0.494706,0.353705,0.526456,0.550878
305,0.541392,0.22362,0.491767,0.5253
306,0.123227,0.776973,0.521227,0.573078
307,0.104025,0.542322,0.407375,0.520527
308,0.948591,0.56605,0.647892,0.537169
309,0.506917,0.322279,0.634118,0.473056
310,0.262174,0.513769,0.472049,0.490951
311,0.962361,0.416513,0.609316,0.561058
312,0.9842,0.566378,0.563381,0.47373
313,0.724036,0.694241,0.409652,0.500329
314,0.380166,0.534251,0.553902,0.462449
315,0.490454,0.482662,0.543655,0.533639
316,0.398962,0.405185,0.591829,0.510352
317,0.596647,0.490374,0.462869,0.499178
318,0.881154,0.294165,0.492039,0.485553
319,0.628096,0.534555,0.441426,0.54039
320,0.119453,0.913199,0.42071,0.470342
321,0.931274,0.549405,0.436958,0.446486
322,0.687737,0.237274,0.361829,0.551469
323,0.255229,0.0952363,0.570928,0.475244
324,0.940234,0.559066,0.575058,0.52927
325,0.686409,0.644413,0.496097,0.513229
326,0.756982,0.794795,0.433782,0.50642
327,0.681062,0.540274,0.578494,0.540162
328,0.927201,0.267972,0.579422,0.546338
329,0.292036,0.840691,0.421449,0.526792
330,0.240497,0.150034,0.528614,0.505725
331,0.140912,0.273177,0.530669,0.532529
332,0.611943,0.647627,0.43254,0.475833
333,0.492924,0.683323,0.557889,0.496659
334,0.996864,0.486807,0.480698,0.462245
335,0.349265,0.495953,0.536666,0.491998
336,0.945917,0.289196,0.309189,0.50682
337,0.033885,0.151139,0.582955,0.492832
338,0.960499,0.227465,0.495783,0.524575
339,0.58195,0.287191,0.491736,0.476991
340,0.339835,0.436504,0.598603,0.466596
341,0.82967,0.821885,0.475393,0.524333
342,0.211564,0.542069,0.457424,0.495975
343,0.743158,0.739324,0.4509,0.464302
344,0.271639,0.530668,0.486355,0.52167
345,0.610937,0.573356,0.365986,0.511177
346,0.654382,0.764406,0.444862,0.56826
347,0.0257097,0.366605,0.425247,0.542484
348,0.349181,0.685411,0.451557,0.515952
349,0.693994,0.16659,0.434129,0.493557
350,0.0808855,0.935304,0.494179,0.503841
351,0.175502,0.614231,0.484369,0.461057
352,0.4608,0.339199,0.510966,0.45857
353,0.487696,0.176913,0.632891,0.490623
354,0.561287,0.724148,0.547977,0.50421
355,0.0723095,0.502575,0.730389,0.520731
356,0.994331,0.535167,0.585917,0.565026
357,0.846778,0.601261,0.6341,0.44955
358,0.962708,0.232723,0.542831,0.487325
359,0.856634,0.842076,0.45108,0.519892
360,0.964683,0.932138,0.349314,0.519518
361,0.346319,0.407755,0.421384,0.532493
362,0.750886,0.501581,0.586712,0.485173
363,0.65244,0.354672,0.618727,0.492341
364,0.330493,0.245956,0.543033,0.48981
365,0.145339,0.3256,0.449011,0.530922
366,0.789077,0.320199,0.551806,0.534092
367,0.0134352,0.425065,0.622186,0.550667
368,0.525972,0.418488,0.518347,0.52838
369,0.20554,0.506924,0.541005,0.497604
370,0.727312,0.153287,0.385059,0.494788
371,0.479913,0.755362,0.534171,0.536521
372,0.16583,0.533074,0.683247,0.496298
373,0.329702,0.721803,0.529204,0.547601
374,0.795527,0.663871,0.615592,0.499331
375,0.466593,0.773004,0.543515,0.498483
376,0.536258,0.523514,0.643122,0.503714
377,0.597665,0.5554,0.508886,0.509947
378,0.803734,0.529268,0.473356,0.52417
379,0.47079,0.795157,0.430215,0.462846
380,0.556588,0.304942,0.460058,0.439607
381,0.339333,0.431471,0.602189,0.467576
382,0.245085,0.660927,0.348176,0.519462
383,0.1246,0.421219,0.423856,0.532677
384,0.734176,0.397824,0.558301,0.472841
385,0.545779,0.146397,0.525979,0.49852
386,0.333827,0.768352,0.396255,0.506072
387,0.713482,0.334514,0.445681,0.513603
388,0.745074,0.29181,0.459104,0.528264
389,0.551868,0.607037,0.612935,0.467737
390,0.236134,0.728153,0.288351,0.435606
391,0.714253,0.757913,0.460583,0.525995
392,0.81725,0.137982,0.389584,0.509816
393,0.616472,0.456001,0.570659,0.49516
394,0.720366,0.271654,0.498796,0.531116
395,0.904328,0.526837,0.414643,0.445357
396,0.389901,0.862134,0.59213,0.484087
397,0.587336,0.758973,0.40936,0.497959
398,0.923527,0.490651,0.628418,0.504697
399,0.366236,0.605105,0.451222,0.525842
400,0.546356,0.516849,0.540763,0.501734
401,0.794148,0.627542,0.437431,0.537616
402,0.267643,0.545804,0.470814,0.503608
403,0.930709,0.5502,0.415805,0.493581
404,0.600041,0.757226,0.288441,0.562291
405,0.510822,0.45208,0.61676,0.516541
406,0.0351113,0.273029,0.466412,0.451582
407,0.410717,0.298011,0.496601,0.492117
408,0.740089,0.417886,0.426956,0.474462
409,0.331118,0.404646,0.574213,0.503545
410,0.403425,0.210039,0.500958,0.572361
411,0.488848,0.233715,0.511115,0.51432
412,0.75884,0.533361,0.403696,0.47567
413,0.393469,0.311182,0.45816,0.508969
414,0.431016,0.560153,0.415553,0.525919
415,0.911697,0.583586,0.533258,0.503817
416,0.187156,0.588799,0.634426,0.520643
417,0.0734496,0.842427,0.472477,0.51247
418,0.567608,0.48853,0.387708,0.494976
419,0.266021,0.627737,0.442902,0.472028
420,0.411229,0.184112,0.568226,0.510923
421,0.256171,0.878586,0.465902,0.5009
422,0.630839,0.684426,0.663257,0.463162
423,0.080195,0.209653,0.639801,0.509255
424,0.948308,0.0759618,0.552211,0.559532
425,0.0456847,0.695826,0.540307,0.519195
426,0.148749,0.661739,0.475884,0.481946
427,0.296977,0.305377,0.653413,0.532869
428,0.587014,0.724293,0.424416,0.474424
429,0.422266,0.322695,0.493015,0.510175
430,0.724056,0.711405,0.455578,0.499374
431,0.755165,0.501883,0.543965,0.472385
432,0.775161,0.572165,0.41065,0.489929
433,0.298296,0.228621,0.439196,0.523541
434,0.246122,0.727871,0.533211,0.509972
435,0.621948,0.796094,0.560092,0.437931
436,0.845208,0.450472,0.455039,0.548931
437,0.244987,0.329199,0.47124,0.541548
438,0.88174,0.335383,0.491606,0.505097
439,0.627382,0.526636,0.514118,0.540384
440,0.441615,0.40633,0.576743,0.514215
441,0.179913,0.706175,0.591213,0.507687
442,0.74392,0.427888,0.552612,0.531792
443,0.328719,0.540376,0.364531,0.500949
444,0.0489918,0.651617,0.581747,0.511979
445,0.0523807,0.713286,0.47582,0.501773
446,0.802905,0.561443,0.445899,0.513964
447,0.805354,0.613474,0.55102,0.515295
448,0.664452,0.524918,0.496101,0.513185
449,0.292078,0.729507,0.363917,0.493815
450,0.205741,0.814854,0.561994,0.472848
451,0.45377,0.117866,0.492512,0.510323
452,0.417989,0.727022,0.51531,0.490878
453,0.966867,0.373377,0.645487,0.481531
454,0.856514,0.540307,0.495632,0.467203
455,0.683656,0.561921,0.502667,0.505205
456,0.983053,0.560862,0.436112,0.55813
457,0.417487,0.837816,0.616221,0.471149
458,0.431438,0.700755,0.344379,0.493026
459,0.0476352,0.739502,0.357121,0.455309
460,0.754167,0.477265,0.466493,0.468518
461,0.00854493,0.663873,0.469326,0.474659
462,0.420446,0.137162,0.412745,0.545678
463,0.872886,0.782852,0.607056,0.508067
464,0.47401,0.456933,0.574771,0.478298
465,0.683361,0.451119,0.439154,0.522893
466,0.164938,0.591257,0.317337,0.484744
467,0.977144,0.60757,0.406419,0.511493
468,0.899766,0.76754,0.378838,0.468321
469,0.580834,0.0964791,0.390504,0.493981
470,0.971417,0.655476,0.589967,0.486538
471,0.186808,0.425642,0.724794,0.533954
472,0.494807,0.606562,0.394481,0.468615
473,0.129831,0.244168,0.451251,0.529981
474,0.400586,0.62122,0.491759,0.496547
475,0.742337,0.235828,0.561718,0.550761
476,0.460281,0.82129,0.621945,0.475977
477,0.0639578,0.48668,0.590107,0.506999
478,0.845135,0.601675,0.403169,0.472056
479,0.356037,0.218016,0.455439,0.529161
480,0.781564,0.596225,0.379975,0.474246
481,0.698876,0.437396,0.509116,0.519941
482,0.00707982,0.531139,0.426108,0.484426
483,0.72839,0.185145,0.372009,0.506141
484,0.612618,0.0856835,0.486197,0.499775
485,0.806264,0.743966,0.402636,0.573574
486,0.263642,0.466395,0.571119,0.43368
487,0.248975,0.296302,0.438552,0.508263
488,0.169224,0.379573,0.584338,0.535307
489,0.442602,0.760105,0.469449,0.515611
490,0.972034,0.377007,0.513381,0.520967
491,0.892984,0.908387,0.504633,0.442082
492,0.418177,0.919037,0.547214,0.480558
493,0.305299,0.46146,0.477975,0.481662
494,0.217089,0.712838,0.457285,0.514803
495,0.92953,0.229582,0.622424,0.497864
496,0.958421,0.584634,0.516971,0.496748
497,0.470316,0.485711,0.489619,0.51983
498,0.466686,0.943447,0.584114,0.545462
499,0.907122,0.511539,0.46184,0.505852
500,0.4727,0.283918,0.520666,0.546576
501,0.81003,0.792611,0.542933,0.53604
502,0.0898803,0.502656,0.466929,0.521216
503,0.867465,0.742012,0.540503,0.458433
504,0.521599,0.651437,0.622164,0.50515
505,0.812078,0.458329,0.479656,0.548632
506,0.139269,0.732323,0.679829,0.516052
507,0.222474,0.726378,0.557364,0.465911
508,0.949338,0.688226,0.605415,0.477706
509,0.95255,0.809657,0.728737,0.478907
510,0.53638,0.654584,0.726349,0.498688
511,0.0410718,0.31337,0.567566,0.548296
512,0.121855,0.118574,0.656815,0.505903
513,0.972106,0.924563,0.51931,0.546885
514,0.56703,0.426337,0.547466,0.497955
515,0.430921,0.753242,0.40672,0.528276
516,0.12852,0.30016,0.415311,0.507741
517,0.33205,0.620589,0.51915,0.480111
518,0.0391107,0.420906,0.589682,0.522576
519,0.533174,0.388654,0.434706,0.516494
520,0.1113,0.123245,0.440638,0.470939
521,0.478612,0.253852,0.429598,0.496733
522,0.630884,0.379519,0.62637,0.569785
523,0.612019,0.870757,0.479431,0.522039
524,0.357777,0.471569,0.527298,0.492654
525,0.225816,0.478386,0.437147,0.488684
526,0.822586,0.381689,0.602317,0.454843
527,0.520312,0.353362,0.564253,0.458873
528,0.681609,0.0504801,0.442087,0.528928
529,0.207347,0.775304,0.53906,0.510578
530,0.723147,0.463823,0.44557,0.492966
531,0.131729,0.822657,0.530939,0.550369
532,0.0468356,0.337775,0.425832,0.496981
533,0.791426,0.448309,0.526381,0.496269
534,0.348685,0.596552,0.658518,0.479329
535,0.291264,0.731841,0.542762,0.544438
536,0.157794,0.263283,0.578033,0.536541
537,0.664357,0.47843,0.510701,0.476771
538,0.157814,0.503388,0.520117,0.507174
539,0.560779,0.480099,0.576481,0.493462
540,0.777842,0.720552,0.60097,0.529672
541,0.251326,0.406094,0.496943,0.476923
542,0.484677,0.618578,0.524501,0.526591
543,0.104918,0.241886,0.482242,0.556647
544,0.457077,0.466567,0.445101,0.511136
545,0.759112,0.719765,0.596407,0.557575
546,0.924303,0.555394,0.531376,0.497745
547,0.0236533,0.641174,0.788728,0.495095
548,0.897753,0.244546,0.459809,0.494972
549,0.615358,0.721883,0.493211,0.536682
550,0.612773,0.56484,0.456743,0.47508
551,0.308804,0.389555,0.526816,0.506992
552,0.778124,0.503816,0.365403,0.481905
553,0.882435,0.846859,0.561379,0.49537
554,0.00956758,0.448747,0.397266,0.508937
555,0.369256,0.567599,0.49556,0.554559
556,0.0594891,0.386,0.338322,0.533143
557,0.498814,0.441801,0.40484,0.520205
558,0.440286,0.652823,0.428951,0.505934
559,0.188455,0.713924,0.244076,0.505854
560,0.841726,0.756538,0.419237,0.478267
561,0.324289,0.295678,0.471921,0.494482
562,0.910006,0.269209,0.484502,0.509899
563,0.0718696,0.47182,0.523809,0.500932
564,0.0905756,0.60625,0.352967,0.510012
565,0.533028,0.611092,0.580266,0.510688
566,0.0722294,0.451916,0.389681,0.524073
567,0.50406,0.592332,0.497353,0.538297
568,0.0724162,0.312623,0.452207,0.530997
569,0.22475,0.736981,0.465699,0.502417
570,0.663517,0.381905,0.486025,0.508186
571,0.726133,0.656098,0.579416,0.476787
572,0.292607,0.281061,0.408791,0.513589
573,0.74245,0.589762,0.615344,0.503166
574,0.0234316,0.563932,0.506185,0.478813
575,0.594749,0.192392,0.527247,0.49008
576,0.991324,0.190858,0.484005,0.473303
577,0.347153,0.741747,0.624372,0.46569
578,0.753598,0.609497,0.582874,0.518616
579,0.392313,0.368369,0.473914,0.553597
580,0.811979,0.820446,0.383095,0.510197
581,0.0766377,0.793726,0.478026,0.500222
582,0.274939,0.536511,0.508695,0.54264
583,0.292109,0.207871,0.577699,0.521894
584,0.783971,0.654915,0.610983,0.475779
585,0.995618,0.205296,0.444267,0.531845
586,0.571318,0.336657,0.530861,0.513227
587,0.878238,0.677994,0.501708,0.541262
588,0.0719303,0.682219,0.531083,0.491773
589,0.0375235,0.751456,0.493289,0.513027
590,0.219762,0.528074,0.532895,0.517276
591,0.683433,0.441295,0.283994,0.507397
592,0.512533,0.521223,0.38448,0.54089
593,0.369862,0.414252,0.551565,0.470678
594,0.767511,0.0888036,0.358492,0.461081
595,0.311842,0.787778,0.742159,0.519323
596,0.418064,0.416126,0.512227,0.480234
597,0.0317805,0.198188,0.450779,0.46954
598,0.395715,0.582854,0.366981,0.451624
599,0.00147761,0.596938,0.397076,0.493365
600,0.760495,0.36126,0.661692,0.459353
601,0.558417,0.160029,0.434234,0.524052
602,0.786512,0.53543,0.43369,0.464615
603,0.0633264,0.686921,0.604998,0.507593
604,0.104118,0.433978,0.313476,0.514001
605,0.705063,0.636762,0.610932,0.535612
606,0.268365,0.839353,0.44325,0.486674
607,0.591352,0.823607,0.350589,0.447858
608,0.62843,0.619843,0.565731,0.452494
609,0.217053,0.697069,0.563732,0.50515
610,0.144234,0.395682,0.552945,0.492203
611,0.21856,0.912835,0.357127,0.509096
612,0.531853,0.884831,0.447723,0.516013
613,0.0793501,0.876205,0.473601,0.533628
614,0.00480217,0.585463,0.47279,0.457879
615,0.0164955,0.597451,0.384105,0.555016
616,0.943055,0.917139,0.55638,0.501406
617,0.762436,0.613564,0.455289,0.494352
618,0.597381,0.376186,0.627634,0.434584
619,0.385369,0.428078,0.463407,0.528354
620,0.258563,0.322821,0.433337,0.511754
621,0.816573,0.516194,0.536523,0.527244
622,0.169229,0.28826,0.405429,0.456017
623,0.914522,0.460771,0.518017,0.522714
624,0.297519,0.673175,0.602852,0.525409
625,0.631735,0.326967,0.366342,0.500395
626,0.247067,0.54848,0.488321,0.455764
627,0.631993,0.231877,0.543554,0.473213
628,0.697795,0.788872,0.612876,0.500076
629,0.37116,0.177566,0.309217,0.449672
630,0.574048,0.0664177,0.505675,0.483003
631,0.200033,0.433611,0.432618,0.431981
632,0.109289,0.18975,0.364753,0.509073
633,0.817105,0.436076,0.358506,0.49183
634,0.829107,0.475737,0.498977,0.476962
635,0.812033,0.314066,0.791796,0.488572
636,0.663486,0.486095,0.546468,0.458769
637,0.171085,0.486087,0.361192,0.516876
638,0.135398,0.537928,0.569,0.549596
639,0.635333,0.59068,0.535898,0.494745
640,0.2628,0.445716,0.527248,0.498756
641,0.479665,0.556061,0.54921,0.515226
642,0.96471,0.425826,0.56911,0.435151
643,0.422796,0.422472,0.425483,0.465528
644,0.944842,0.412272,0.41766,0.501095
645,0.281466,0.39871,0.371639,0.50595
646,0.509812,0.565753,0.361404,0.487398
647,0.651327,0.346949,0.41166,0.549112
648,0.0974684,0.607708,0.501315,0.506344
649,0.980811,0.532278,0.454938,0.492965
650,0.979314,0.660072,0.372931,0.535726
651,0.474043,0.353127,0.623362,0.469587
652,0.948877,0.621424,0.416915,0.508692
653,0.2567,0.418581,0.611044,0.502845
654,0.528894,0.638813,0.548771,0.488026
655,0.599666,0.921021,0.521534,0.489056
656,0.507449,0.6295,0.489777,0.539584
657,0.139389,0.573308,0.378784,0.584882
658,0.0437661,0.56446,0.330743,0.511753
659,0.611687,0.585926,0.383767,0.496785
660,0.109652,0.220061,0.620248,0.530484
661,0.0765836,0.577091,0.423443,0.492539
662,0.00167013,0.465585,0.491163,0.477808
663,0.35358,0.746188,0.391557,0.468037
664,0.737945,0.309236,0.634677,0.46514
665,0.931468,0.363126,0.72081,0.514408
666,0.851043,0.292334,0.578853,0.470292
667,0.946107,0.576641,0.477511,0.516683
668,0.237857,0.762286,0.557858,0.496443
669,0.188823,0.26831,0.69134,0.448622
670,0.319471,0.322433,0.510746,0.516804
671,0.34864,0.274854,0.645966,0.443739
672,0.0936814,0.294904,0.401383,0.5022
673,0.195145,0.606898,0.590478,0.501278
674,0.813205,0.615012,0.550391,0.519179
675,0.67729,0.379496,0.389784,0.476382
676,0.271493,0.391544,0.569936,0.519287
677,0.74478,0.60315,0.353562,0.498203
678,0.475975,0.788614,0.500669,0.496444
679,0.766015,0.172763,0.557924,0.47376
680,0.218563,0.274495,0.519671,0.521188
681,0.18604,0.234375,0.676211,0.539286
682,0.847223,0.329066,0.410526,0.505687
683,0.689102,0.51277,0.539899,0.549847
684,0.988011,0.385378,0.574211,0.526394
685,0.117264,0.407649,0.409626,0.551929
686,0.605247,0.714779,0.525801,0.540531
687,0.609649,0.325306,0.368902,0.469755
688,0.861353,0.4584,0.691852,0.483867
689,0.0498023,0.62944,0.577926,0.448953
690,0.214859,0.346371,0.535637,0.51141
691,0.80258,0.593186,0.437264,0.481975
692,0.150395,0.193166,0.522077,0.488441
693,0.728631,0.321803,0.382473,0.47783
694,0.94334,0.111604,0.574816,0.529825
695,0.915069,0.378898,0.485485,0.490175
696,0.110597,0.457668,0.592895,0.507812
697,0.436203,0.273855,0.634137,0.581401
698,0.590705,0.495358,0.497133,0.48571
699,0.333194,0.253126,0.576491,0.507043
700,0.284254,0.115392,0.597559,0.520506
701,0.0943982,0.662395,0.624693,0.471598
702,0.234302,0.610033,0.456716,0.490907
703,0.251395,0.716249,0.494398,0.559423
704,0.962869,0.782878,0.527296,0.509974
705,0.57504,0.587801,0.476043,0.511118
706,0.554015,0.589265,0.506657,0.523012
707,0.989611,0.717993,0.594065,0.526261
708,0.82013,0.456608,0.515666,0.485563
709,0.802038,0.295297,0.341656,0.444812
710,0.0291027,0.234489,0.493491,0.565464
711,0.0394354,0.315107,0.443581,0.523873
712,0.781766,0.934425,0.472308,0.530768
713,0.167331,0.519344,0.416774,0.471713
714,0.0339267,0.46951,0.600555,0.477227
715,0.981596,0.659317,0.403546,0.479369
716,0.684812,0.292832,0.604047,0.499545
717,0.896578,0.219775,0.568248,0.496554
718,0.0662833,0.445207,0.444173,0.446636
719,0.00759237,0.365838,0.419167,0.46289
720,0.710954,0.426161,0.527011,0.491818
721,0.41594,0.0794748,0.534749,0.500163
722,0.884158,0.509667,0.587537,0.45953
723,0.472217,0.552488,0.495815,0.510347
724,0.587572,0.427726,0.504203,0.471368
725,0.834075,0.399324,0.374185,0.502722
726,0.975839,0.745716,0.304172,0.484515
727,0.343609,0.323991,0.505253,0.545613
728,0.422904,0.580392,0.401496,0.527254
729,0.427996,0.538908,0.535896,0.521464
730,0.722254,0.467848,0.654602,0.463702
731,0.214643,0.756278,0.63537,0.517466
732,0.221849,0.670485,0.405861,0.49049
733,0.790977,0.580631,0.486157,0.471292
734,0.913085,0.616345,0.557358,0.433354
735,0.774042,0.749784,0.545391,0.521947
736,0.715853,0.553336,0.520326,0.450119
737,0.0671867,0.397367,0.380251,0.496998
738,0.439933,0.60267,0.322335,0.5162
739,0.356378,0.3946,0.403262,0.46306
740,0.389994,0.751969,0.530441,0.498859
741,0.681875,0.424255,0.503349,0.460676
742,0.406985,0.124446,0.416937,0.538522
743,0.914653,0.337208,0.431747,0.488836
744,0.414834,0.796255,0.479258,0.472213
745,0.117164,0.505591,0.434244,0.456335
746,0.375077,0.620302,0.461827,0.486112
747,0.97386,0.359226,0.531736,0.488577
748,0.658333,0.50419,0.406912,0.513272
749,0.740052,0.227678,0.546149,0.502213
750,0.697675,0.776895,0.674791,0.511715
751,0.783752,0.461248,0.529906,0.460582
752,0.788529,0.528533,0.58406,0.487391
753,0.338063,0.364857,0.660747,0.473612
754,0.0323871,0.297436,0.331536,0.56309
755,0.91793,0.865476,0.345225,0.445583
756,0.561882,0.361893,0.535662,0.528398
757,0.954726,0.853386,0.516154,0.496755
758,0.140623,0.520259,0.487514,0.498372
759,0.356851,0.372497,0.60435,0.464593
760,0.26202,0.795116,0.515099,0.495052
761,0.656284,0.648321,0.384768,0.515998
762,0.448715,0.52739,0.363514,0.499354
763,0.00574368,0.481151,0.566834,0.493602
764,0.602682,0.303508,0.513356,0.459968
765,0.0358234,0.681697,0.558845,0.50922
766,0.870119,0.258883,0.560999,0.561758
767,0.464803,0.344207,0.541643,0.61163
768,0.586401,0.301766,0.501222,0.492294
769,0.323425,0.383021,0.473421,0.503218
770,0.820557,0.563861,0.424502,0.524806
771,0.487316,0.412306,0.469013,0.54078
772,0.322812,0.532405,0.4941,0.541793
773,0.891569,0.49005,0.408603,0.473855
774,0.842513,0.35096,0.453993,0.493601
775,0.198954,0.62762,0.575407,0.512265
776,0.819546,0.46773,0.551292,0.489908
777,0.413448,0.500917,0.544608,0.503448
778,0.845198,0.38922,0.598507,0.462275
779,0.0449005,0.567684,0.441629,0.493547
780,0.582765,0.507936,0.589574,0.529564
781,0.856144,0.117543,0.559001,0.526921
782,0.619868,0.757524,0.50467,0.461674
783,0.285635,0.497192,0.399194,0.458907
784,0.478213,0.506473,0.681585,0.4691
785,0.497847,0.611883,0.469626,0.492363
786,0.373458,0.411571,0.383563,0.552879
787,0.351056,0.536968,0.520192,0.466606
788,0.837962,0.36935,0.463134,0.478527
789,0.0940932,0.605489,0.33961,0.542342
790,0.807407,0.359137,0.39282,0.530159
791,0.628681,0.468107,0.510401,0.48545
792,0.0400042,0.841252,0.39211,0.482589
793,0.74682,0.871064,0.560682,0.538481
794,0.430986,0.597136,0.466462,0.519452
795,0.416271,0.606244,0.461507,0.504724
796,0.680814,0.854282,0.350237,0.541425
797,0.735157,0.711845,0.493817,0.479833
798,0.923381,0.419874,0.383898,0.509106
799,0.392452,0.444261,0.460381,0.564192
800,0.604574,0.283374,0.484734,0.495381
801,0.050123,0.707588,0.5351,0.46937
802,0.436543,0.67188,0.635352,0.498967
803,0.599633,0.297384,0.373573,0.532953
804,0.202816,0.497077,0.439877,0.507246
805,0.357602,0.779349,0.540439,0.493891
806,0.657732,0.768075,0.359709,0.514773
807,0.609199,0.605673,0.592978,0.442392
808,0.966831,0.647108,0.580862,0.467304
809,0.0345048,0.45113,0.523761,0.549699
810,0.529677,0.678638,0.611178,0.472844
811,0.236096,0.656318,0.501069,0.522095
812,0.83081,0.200828,0.479074,0.480587
813,0.440128,0.394269,0.465218,0.475948
814,0.966125,0.478165,0.324165,0.483099
815,0.343426,0.770074,0.335698,0.518442
816,0.610738,0.346268,0.486244,0.511062
817,0.0753116,0.0373379,0.64212,0.503499
818,0.316692,0.453327,0.525036,0.526993
819,0.35147,0.128452,0.537293,0.461326
820,0.203623,0.710603,0.614787,0.495637
821,0.341851,0.604679,0.626528,0.540887
822,0.248689,0.677669,0.581088,0.51402
823,0.932225,0.764182,0.464787,0.520318
824,0.200674,0.51363,0.365355,0.526312
825,0.558065,0.492712,0.467912,0.469421
826,0.0527947,0.486201,0.539624,0.481443
827,0.891337,0.84777,0.47797,0.50012
828,0.379915,0.573901,0.564982,0.498002
829,0.246828,0.674217,0.672947,0.483052
830,0.978037,0.568447,0.31466,0.514834
831,0.744394,0.515972,0.397515,0.506606
832,0.0281904,0.305401,0.42759,0.501958
833,0.741513,0.294003,0.570445,0.449194
834,0.299792,0.161425,0.609036,0.492335
835,0.282703,0.0294406,0.451866,0.466707
836,0.205186,0.858005,0.612922,0.521825
837,0.324036,0.429304,0.358586,0.465745
838,0.568836,0.340943,0.661706,0.526249
839,0.262483,0.630039,0.571997,0.543078
840,0.565337,0.799065,0.392416,0.505622
841,0.606857,0.466773,0.512165,0.505857
842,0.432682,0.520606,0.492272,0.52705
843,0.977214,0.39403,0.457659,0.480492
844,0.0154906,0.702482,0.646087,0.49886
845,0.105676,0.214845,0.605382,0.502156
846,0.0214972,0.875152,0.44858,0.455265
847,0.0907272,0.133897,0.456894,0.505427
848,0.781604,0.76403,0.490423,0.49091
849,0.0485648,0.43226,0.493938,0.529792
850,0.0149768,0.473245,0.281893,0.536216
851,0.892419,0.664701,0.506088,0.551006
852,0.0175154,0.718654,0.513475,0.460396
853,0.776123,0.305454,0.599831,0.544547
854,0.925215,0.461816,0.474033,0.514463
855,0.728166,0.88388,0.390398,0.521445
856,0.199884,0.580592,0.472081,0.54986
857,0.670381,0.131246,0.541306,0.506945
858,0.0215909,0.279432,0.280389,0.47429
859,0.372568,0.16706,0.410901,0.556128
860,0.659295,0.806487,0.652397,0.48211
861,0.690803,0.326273,0.324914,0.472426
862,0.770881,0.24221,0.35303,0.447782
863,0.620067,0.795064,0.479921,0.513581
864,0.797716,0.703802,0.535843,0.439659
865,0.295843,0.348133,0.629732,0.475069
866,0.159577,0.157456,0.552878,0.523389
867,0.433063,0.424599,0.391651,0.527444
868,0.0929437,0.142931,0.638193,0.5462
869,0.00870645,0.319517,0.616248,0.549361
870,0.202094,0.654731,0.495065,0.5483
871,0.112111,0.11043,0.600927,0.46545
872,0.803436,0.314972,0.452095,0.529424
873,0.0858317,0.42799,0.52264,0.520203
874,0.121023,0.521307,0.505882,0.553013
875,0.632731,0.380957,0.445963,0.520803
876,0.430394,0.404316,0.33766,0.46431
877,0.824248,0.54985,0.594798,0.531978
878,0.822746,0.891346,0.574145,0.504034
879,0.480611,0.350238,0.515408,0.433562
880,0.192702,0.674574,0.549275,0.484581
881,0.87636,0.723831,0.446829,0.497005
882,0.498861,0.130453,0.387992,0.531269
883,0.935683,0.493512,0.51836,0.505264
884,0.905236,0.719039,0.499328,0.46903
885,0.62358,0.473795,0.266732,0.483606
886,0.482373,0.206775,0.456169,0.493222
887,0.198374,0.383418,0.287509,0.498147
888,0.259255,0.686452,0.443338,0.553075
889,0.00803872,0.630966,0.455634,0.542994
890,0.305372,0.336557,0.479351,0.501182
891,0.379579,0.431079,0.437332,0.493782
892,0.278367,0.405334,0.491051,0.470926
893,0.267462,0.505363,0.594318,0.468919
894,0.575726,0.38818,0.483064,0.531025
895,0.0196435,0.738495,0.605846,0.524661
896,0.0145994,0.304308,0.431598,0.479394
897,0.514339,0.45973,0.330985,0.458126
898,0.554605,0.639188,0.532965,0.518623
899,0.259724,0.471798,0.51182,0.474147
900,0.862273,0.732544,0.697729,0.522319
901,0.0172194,0.292136,0.530009,0.514861
902,0.820724,0.282911,0.571592,0.465056
903,0.328881,0.322412,0.629099,0.470157
904,0.36466,0.657549,0.336798,0.499055
905,0.0689768,0.667503,0.551277,0.567552
906,0.203951,0.414889,0.451946,0.476393
907,0.868475,0.435556,0.472835,0.498849
908,0.388359,0.252877,0.41933,0.478206
909,0.372299,0.67307,0.469172,0.517009
910,0.21919,0.496755,0.468376,0.49762
911,0.496984,0.64135,0.453489,0.476422
912,0.0173547,0.144656,0.477129,0.517985
913,0.563463,0.615394,0.50278,0.476819
914,0.896583,0.461345,0.63289,0.501938
915,0.597036,0.598576,0.515467,0.487685
916,0.60387,0.684254,0.461707,0.538977
917,0.677344,0.321321,0.515189,0.529475
918,0.457532,0.214956,0.611253,0.517992
919,0.724853,0.418451,0.457773,0.514381
920,0.893333,0.238343,0.452733,0.507888
921,0.594044,0.534544,0.438067,0.485166
922,0.405451,0.900701,0.476681,0.514136
923,0.411773,0.526078,0.44105,0.517088
924,0.95955,0.383419,0.590071,0.528761
925,0.58371,0.782405,0.663922,0.480315
926,0.869721,0.563112,0.580671,0.538574
927,0.0280588,0.179118,0.413436,0.47196
928,0.44304,0.367861,0.579106,0.500456
929,0.482978,0.281508,0.285733,0.45398
930,0.451015,0.513458,0.564113,0.537611
931,0.359794,0.622226,0.518818,0.455316
932,0.0362833,0.632091,0.517297,0.47749
933,0.514767,0.200071,0.402848,0.513357
934,0.26269,0.514918,0.683452,0.44418
935,0.627688,0.425354,0.454772,0.520258
936,0.716591,0.489896,0.562623,0.439967
937,0.742287,0.731725,0.391474,0.463892
938,0.648894,0.726679,0.514806,0.46093
939,0.838576,0.434814,0.580869,0.492799
940,0.458596,0.26754,0.426611,0.493962
941,0.286291,0.479258,0.383415,0.511233
942,0.394495,0.568549,0.494807,0.574226
943,0.0612662,0.446386,0.485595,0.480498
944,0.288815,0.330605,0.503279,0.505542
945,0.108836,0.304587,0.521336,0.535378
946,0.740046,0.257631,0.693999,0.468069
947,0.882026,0.365464,0.633827,0.482072
948,0.954977,0.622544,0.480538,0.511408
949,0.972708,0.467567,0.563491,0.493327
950,0.698316,0.253329,0.493112,0.433039
951,0.813991,0.613579,0.556349,0.526937
952,0.210183,0.777431,0.624561,0.481071
953,0.437767,0.63319,0.583773,0.424161
954,0.965159,0.816283,0.402878,0.480462
955,0.670445,0.424363,0.515102,0.511928
956,0.949611,0.798287,0.445324,0.506301
957,0.986902,0.443698,0.430018,0.446256
958,0.960606,0.493181,0.355534,0.473959
959,0.194339,0.183473,0.577393,0.538515
960,0.0351954,0.520422,0.470243,0.492498
961,0.837077,0.286347,0.627895,0.4841
962,0.466322,0.797456,0.484211,0.499946
963,0.864412,0.53187,0.541191,0.525526
964,0.607209,0.477359,0.462408,0.495347
965,0.155755,0.283336,0.500292,0.563393
966,0.0894523,0.443187,0.441185,0.458412
967,0.539432,0.683498,0.541317,0.534735
968,0.673165,0.28889,0.472687,0.538915
969,0.459247,0.719989,0.651102,0.54666
970,0.933122,0.545758,0.696145,0.550843
971,0.192726,0.607583,0.589977,0.48238
972,0.602246,0.292588,0.425859,0.484818
973,0.325528,0.629999,0.563571,0.503863
974,0.849405,0.63043,0.472092,0.48157
975,0.634377,0.380751,0.309117,0.478866
976,0.312184,0.400311,0.587141,0.5156
977,0.336626,0.279611,0.600041,0.517468
978,0.356718,0.553767,0.653111,0.502452
979,0.99207,0.80075,0.528529,0.509314
980,0.0460017,0.201072,0.377019,0.580628
981,0.720673,0.730395,0.56297,0.470343
982,0.491814,0.570148,0.430846,0.451685
983,0.46613,0.634981,0.57215,0.50427
984,0.98543,0.334502,0.501309,0.473879
985,0.555394,0.594952,0.474646,0.55687
986,0.714488,0.356289,0.503884,0.501112
987,0.101204,0.204196,0.542439,0.445588
988,0.97944,0.871317,0.504963,0.486731
989,0.906576,0.800864,0.330915,0.508899
990,0.574916,0.493059,0.727403,0.490677
991,0.106249,0.6127,0.533756,0.507263
992,0.47983,0.667158,0.469353,0.494383
993,0.908694,0.602618,0.745785,0.472789
994,0.679286,0.41085,0.512931,0.53405
995,0.654996,0.257198,0.442254,0.542603
996,0.627048,0.775025,0.443717,0.463683
997,0.771238,0.373519,0.579686,0.493009
998,0.945643,0.409568,0.446093,0.488996
999,0.628243,0.390147,0.461532,0.452626
1000,0.230439,0.44297,0.684317,0.507028
1001,0.952683,0.701909,0.472792,0.550626
1002,0.0313671,0.906926,0.432292,0.495118
1003,0.903756,0.281037,0.517091,0.48872
1004,0.20638,0.483655,0.384509,0.508396
1005,0.442795,0.527713,0.511872,0.527821
1006,0.8454,0.451396,0.667492,0.538266
1007,0.514042,0.398578,0.543217,0.495477
1008,0.599782,0.939605,0.492796,0.492722
1009,0.109978,0.69362,0.458008,0.476315
1010,0.347481,0.72375,0.497304,0.505566
1011,0.200853,0.204245,0.475065,0.534881
1012,0.500137,0.603467,0.673702,0.470348
1013,0.499289,0.744516,0.553834,0.489595
1014,0.404733,0.271051,0.468398,0.540669
1015,0.990449,0.466168,0.536217,0.485942
1016,0.509732,0.769933,0.570534,0.438553
1017,0.123182,0.671132,0.601157,0.475076
1018,0.750668,0.158913,0.550587,0.490896
1019,0.756703,0.522815,0.354682,0.466902
1020,0.622268,0.841357,0.444361,0.478719
1021,0.204004,0.328903,0.528562,0.4592
1022,0.407106,0.24435,0.536761,0.444528
1023,0.160252,0.386574,0.432803,0.500648
1024,0.774393,0.390996,0.517475,0.449914
1025,0.756839,0.427636,0.71724,0.469801
1026,0.0257303,0.577267,0.494824,0.497866
1027,0.649802,0.903959,0.410889,0.495441
1028,0.446635,0.377396,0.531791,0.479166
1029,0.814177,0.426373,0.472592,0.527432
1030,0.129687,0.811103,0.497001,0.500976
1031,0.654018,0.494992,0.470077,0.467785
1032,0.675773,0.834287,0.395615,0.539756
1033,0.179425,0.212865,0.457347,0.51942
1034,0.239363,0.282029,0.395912,0.493664
1035,0.915529,0.580265,0.473991,0.46481
1036,0.0164263,0.528557,0.450695,0.528133
1037,0.262815,0.617777,0.264917,0.513827
1038,0.309304,0.503864,0.524728,0.507097
1039,0.827404,0.658326,0.2958,0.470075
1040,0.329944,0.843,0.322891,0.466852
1041,0.927649,0.817236,0.522617,0.519011
1042,0.15041,0.187303,0.504217,0.55221
1043,0.301046,0.294371,0.449187,0.516945
1044,0.914612,0.621737,0.363956,0.486838
1045,0.702815,0.408154,0.574127,0.509545
1046,0.834477,0.55453,0.438509,0.516383
1047,0.265151,0.386869,0.558219,0.512697
1048,0.209688,0.598031,0.551123,0.491706
1049,0.763533,0.480837,0.587327,0.509791
1050,0.154685,0.273583,0.632693,0.510576
1051,0.479685,0.542581,0.569007,0.547037
1052,0.0503193,0.552739,0.450407,0.476293
1053,0.529549,0.632383,0.643283,0.508825
1054,0.629628,0.433411,0.589875,0.487816
1055,0.526778,0.45067,0.520085,0.46085
1056,0.820541,0.835566,0.495941,0.510437
1057,0.0804967,0.519237,0.547885,0.478577
1058,0.280287,0.835159,0.526783,0.481421
1059,0.160798,0.229115,0.530465,0.522427
1060,0.603152,0.191508,0.481256,0.468924
1061,0.562498,0.382533,0.720308,0.512393
1062,0.375353,0.265198,0.331395,0.520369
1063,0.680272,0.434551,0.504036,0.544273
1064,0.970466,0.405231,0.551408,0.54369
1065,0.797794,0.827608,0.490281,0.452671
1066,0.833333,0.180673,0.482061,0.475341
1067,0.611132,0.580971,0.443256,0.466589
1068,0.967051,0.10249,0.54223,0.541582
1069,0.0685122,0.518777,0.404972,0.510124
1070,0.198824,0.281177,0.426213,0.520158
1071,0.218951,0.591508,0.5586,0.563738
1072,0.329261,0.688816,0.511935,0.499355
1073,0.903437,0.569185,0.41933,0.54756
1074,0.690493,0.22542,0.711707,0.499996
1075,0.621336,0.786644,0.584892,0.475125
1076,0.447427,0.48257,0.490794,0.488949
1077,0.24869,0.657819,0.421815,0.499175
1078,0.271178,0.306786,0.471041,0.48298
1079,0.442975,0.655035,0.391076,0.517162
1080,0.0421845,0.295747,0.338918,0.524583
1081,0.963879,0.373646,0.618828,0.531203
1082,0.94373,0.316351,0.536968,0.540842
1083,0.906338,0.310252,0.403166,0.510889
1084,0.189901,0.777666,0.615184,0.475579
1085,0.687843,0.739751,0.541646,0.487683
1086,0.363936,0.248542,0.338206,0.475427
1087,0.31081,0.446652,0.54558,0.530639
1088,0.0430949,0.572504,0.549351,0.474318
1089,0.0144684,0.765482,0.512507,0.470106
1090,0.62409,0.658046,0.669885,0.481263
1091,0.320851,0.695894,0.425884,0.510503
1092,0.356084,0.622614,0.464316,0.499006
1093,0.0799694,0.356362,0.462519,0.483064
1094,0.844249,0.634152,0.600938,0.463212
1095,0.127295,0.165739,0.611601,0.482361
1096,0.405817,0.209337,0.568556,0.430261
1097,0.277882,0.311994,0.471481,0.518777
1098,0.565413,0.860301,0.478622,0.497876
1099,0.101396,0.415317,0.432341,0.464667
1100,0.91146,0.557602,0.444981,0.485596
1101,0.295096,0.480881,0.524404,0.507828
1102,0.329021,0.474487,0.389659,0.475865
1103,0.233759,0.67454,0.530408,0.525048
1104,0.578258,0.598676,0.578956,0.585933
1105,0.128432,0.125066,0.464638,0.545559
1106,0.11529,0.905298,0.571874,0.499736
1107,0.613766,0.425295,0.61053,0.519854
1108,0.55252,0.407995,0.435084,0.485013
1109,0.542311,0.571216,0.469996,0.534742
1110,0.270655,0.555945,0.535677,0.532364
1111,0.102007,0.89197,0.523708,0.495165
1112,0.662187,0.595769,0.511722,0.510191
1113,0.628375,0.370408,0.374211,0.454267
1114,0.359597,0.734668,0.509865,0.478149
1115,0.789966,0.589382,0.468619,0.499111
1116,0.27493,0.272974,0.539023,0.54842
1117,0.0107696,0.725768,0.677453,0.487086
1118,0.11243,0.736558,0.392212,0.532784
1119,0.907778,0.585682,0.600973,0.514854
1120,0.0324346,0.453139,0.367918,0.473292
1121,0.808019,0.33248,0.399566,0.482416
1122,0.798397,0.684125,0.445606,0.496774
1123,0.581218,0.481968,0.488751,0.544845
1124,0.871599,0.252035,0.513648,0.48972
1125,0.934894,0.652917,0.579069,0.528628
1126,0.329253,0.40907,0.581352,0.536487
1127,0.77063,0.402567,0.608889,0.505171
1128,0.532636,0.946563,0.52065,0.496307
1129,0.644661,0.352844,0.447999,0.513297
1130,0.995008,0.145656,0.521118,0.529636
1131,0.333718,0.830876,0.505781,0.496653
1132,0.249148,0.346952,0.520599,0.508382
1133,0.53195,0.672335,0.64323,0.531892
1134,0.659734,0.00900584,0.499058,0.547855
1135,0.39604,0.403717,0.468405,0.496879
1136,0.240504,0.58138,0.539534,0.506416
1137,0.416066,0.604238,0.562128,0.550494
1138,0.616523,0.614633,0.389469,0.477682
1139,0.0113885,0.468013,0.463038,0.502381
1140,0.863373,0.410433,0.413133,0.536617
1141,0.699634,0.798276,0.635233,0.482151
1142,0.13831,0.285661,0.418996,0.506043
1143,0.841819,0.170593,0.401909,0.477687
1144,0.36396,0.763989,0.39368,0.507312
1145,0.762414,0.182163,0.459253,0.499903
1146,0.493006,0.181526,0.50452,0.472443
1147,0.644971,0.64584,0.441804,0.460764
1148,0.798901,0.57127,0.542927,0.522872
1149,0.738265,0.162072,0.385858,0.508531
1150,0.151346,0.518727,0.469509,0.495677
1151,0.554768,0.224963,0.585061,0.55251
1152,0.210332,0.444551,0.529195,0.475695
1153,0.38634,0.890343,0.458827,0.475682
1154,0.844153,0.555263,0.316412,0.518362
1155,0.279365,0.440754,0.580674,0.489175
1156,0.0553771,0.249394,0.574676,0.507845
1157,0.676608,0.11304,0.484856,0.532465
1158,0.668879,0.453149,0.716686,0.540916
1159,0.684858,0.555954,0.564872,0.505938
1160,0.364182,0.482944,0.382079,0.521523
1161,0.853898,0.365929,0.549959,0.512972
1162,0.656096,0.357611,0.43189,0.503292
1163,0.0212034,0.702724,0.595516,0.500129
1164,0.452085,0.682825,0.52364,0.558435
1165,0.0323377,0.79409,0.579801,0.477709
1166,0.0439225,0.439635,0.470039,0.515748
1167,0.98301,0.473317,0.467636,0.463817
1168,0.215166,0.361149,0.577219,0.521423
1169,0.429984,0.334837,0.40168,0.541662
1170,0.33761,0.205303,0.444666,0.529661
1171,0.556233,0.123806,0.480296,0.475383
1172,0.225054,0.322112,0.583641,0.489254
1173,0.0275785,0.320309,0.599016,0.494962
1174,0.32397,0.60809,0.435926,0.518873
1175,0.324902,0.806814,0.577347,0.463435
1176,0.795725,0.361339,0.479036,0.531384
1177,0.289945,0.807185,0.444438,0.511833
1178,0.243871,0.498981,0.512122,0.506751
1179,0.711145,0.486457,0.513528,0.526594
1180,0.865287,0.506445,0.390374,0.470567
1181,0.406924,0.395866,0.630606,0.528111
1182,0.884571,0.366086,0.277421,0.541967
1183,0.0770431,0.647402,0.597282,0.519523
1184,0.519221,0.950009,0.399172,0.496567
1185,0.794825,0.417264,0.652113,0.522964
1186,0.427492,0.36536,0.550727,0.44752
1187,0.27708,0.51585,0.514678,0.50669
1188,0.0338725,0.519223,0.467214,0.485718
1189,0.0697935,0.786579,0.677858,0.477971
1190,0.372583,0.60434,0.397951,0.495637
1191,0.132698,0.376679,0.514443,0.54589
1192,0.85254,0.354615,0.43147,0.52278
1193,0.800882,0.382071,0.429599,0.515368
1194,0.0604552,0.351378,0.643661,0.471346
1195,0.39211,0.498646,0.689343,0.486232
1196,0.489334,0.429439,0.628049,0.510338
1197,0.730921,0.522552,0.774599,0.513332
1198,0.436964,0.205975,0.449597,0.46779
1199,0.494064,0.15682,0.468598,0.5102
1200,0.212996,0.690249,0.47431,0.495904
1201,0.194723,0.696913,0.361783,0.493729
1202,0.367135,0.246416,0.60022,0.487069
1203,0.297585,0.443995,0.371612,0.454217
1204,0.874702,0.558862,0.364038,0.509845
1205,0.762249,0.537285,0.582347,0.428015
1206,0.527657,0.296237,0.575564,0.42466
1207,0.76343,0.354043,0.484687,0.482039
1208,0.447762,0.490011,0.415255,0.512261
1209,0.00360509,0.706158,0.405549,0.519032
1210,0.617505,0.311047,0.477662,0.498654
1211,0.238281,0.550804,0.316476,0.522933
1212,0.936382,0.473562,0.618495,0.510961
1213,0.246431,0.656725,0.404402,0.48655
1214,0.158401,0.634141,0.529894,0.545163
1215,0.829878,0.544393,0.559375,0.53207
1216,0.134904,0.113777,0.492751,0.544626
1217,0.526155,0.0817178,0.307193,0.506572
1218,0.751174,0.718089,0.472269,0.548768
1219,0.668915,0.608582,0.414757,0.481622
1220,0.284011,0.081942,0.456484,0.487194
1221,0.0866092,0.433727,0.640279,0.459995
1222,0.457006,0.637383,0.476133,0.514749
1223,0.399418,0.801442,0.499601,0.482763
1224,0.638445,0.256221,0.514507,0.535323
1225,0.961964,0.511386,0.303435,0.454141
1226,0.536841,0.664091,0.507472,0.493541
1227,0.759619,0.697468,0.397498,0.503869
1228,0.150111,0.230017,0.463029,0.527447
1229,0.769086,0.780452,0.567171,0.44732
1230,0.566877,0.246699,0.450206,0.475367
1231,0.815266,0.391263,0.392964,0.518787
1232,0.355759,0.14599,0.602022,0.509559
1233,0.989211,0.543695,0.414985,0.475896
1234,0.818254,0.386736,0.592995,0.444751
1235,0.460576,0.16633,0.566334,0.478785
1236,0.770441,0.618284,0.456192,0.521139
1237,0.064966,0.683239,0.573447,0.556685
1238,0.5163,0.67568,0.481381,0.503652
1239,0.851321,0.300823,0.54684,0.517874
1240,0.913947,0.524048,0.445539,0.548847
1241,0.647673,0.555467,0.467404,0.513813
1242,0.356758,0.725968,0.600056,0.553629
1243,0.09109,0.856083,0.530855,0.526225
1244,0.980575,0.923117,0.578623,0.43245
1245,0.583788,0.491538,0.482399,0.46486
1246,0.537241,0.556925,0.398794,0.449879
1247,0.835704,0.201734,0.465154,0.510565
1248,0.202699,0.6103,0.493592,0.566121
1249,0.730202,0.702786,0.574783,0.570052
1250,0.0519626,0.394008,0.393771,0.493465
1251,0.560934,0.898684,0.553542,0.52142
1252,0.41133,0.189219,0.433518,0.510487
1253,0.656626,0.354494,0.392817,0.461907
1254,0.493152,0.58522,0.509582,0.525738
1255,0.572559,0.502067,0.538764,0.519937
1256,0.0745286,0.513694,0.466126,0.480842
1257,0.668912,0.485636,0.397546,0.509936
1258,0.906094,0.771765,0.484987,0.506146
1259,0.911903,0.660526,0.39735,0.494559
1260,0.265284,0.368239,0.458276,0.481446
1261,0.528089,0.335849,0.626183,0.492209
1262,0.0654848,0.473314,0.718292,0.499402
1263,0.0791529,0.0647158,0.507419,0.510047
1264,0.299096,0.412092,0.370019,0.504122
1265,0.623065,0.200984,0.436456,0.466705
1266,0.994039,0.326489,0.709864,0.490753
1267,0.885086,0.512234,0.540575,0.506032
1268,0.0687385,0.312293,0.381489,0.512992
1269,0.276113,0.569803,0.408596,0.531761
1270,0.651383,0.375671,0.365797,0.501895
1271,0.141624,0.471585,0.408337,0.514513
1272,0.926719,0.324306,0.510696,0.460603
1273,0.133823,0.578622,0.650698,0.445533
1274,0.910099,0.147862,0.516638,0.470272
1275,0.674431,0.595154,0.268156,0.528178
1276,0.0180697,0.58968,0.486222,0.500362
1277,0.255368,0.527565,0.528817,0.525626
1278,0.540236,0.400447,0.499574,0.489162
1279,0.116567,0.388665,0.35842,0.504264
1280,0.59702,0.417763,0.53334,0.495562
1281,0.306739,0.788615,0.588681,0.535796
1282,0.683933,0.627052,0.435069,0.475496
1283,0.919766,0.618105,0.468098,0.519554
1284,0.57655,0.173697,0.504921,0.517878
1285,0.174579,0.0462976,0.402072,0.478289
1286,0.86451,0.419777,0.345772,0.46977
1287,0.266973,0.637815,0.624203,0.466193
1288,0.522017,0.541401,0.392075,0.482416
1289,0.0160743,0.278714,0.595988,0.506903
1290,0.992189,0.455626,0.62518,0.503107
1291,0.32252,0.456241,0.456235,0.527893
1292,0.827305,0.364065,0.398597,0.518777
1293,0.17001,0.229252,0.332593,0.503611
1294,0.0605199,0.103285,0.437094,0.518616
1295,0.219849,0.506879,0.515633,0.52208
1296,0.878824,0.54444,0.535325,0.467527
1297,0.0957182,0.544662,0.515685,0.46446
1298,0.63876,0.398535,0.447991,0.497942
1299,0.0349657,0.937162,0.42208,0.493066
1300,0.750197,0.23404,0.325293,0.550507
1301,0.426795,0.657859,0.30609,0.459945
1302,0.127536,0.439603,0.559126,0.472472
1303,0.869204,0.130533,0.596831,0.509795
1304,0.165496,0.437799,0.610404,0.505932
1305,0.889696,0.455802,0.421983,0.479919
1306,0.73563,0.697742,0.372037,0.45739
1307,0.17886,0.68768,0.433046,0.48154
1308,0.0650335,0.454903,0.480188,0.471829
1309,0.0267727,0.563625,0.65668,0.519917
1310,0.838841,0.475508,0.311319,0.483693
1311,0.2219,0.450031,0.438984,0.516492
1312,0.704399,0.576028,0.430222,0.523321
1313,0.880963,0.652985,0.329024,0.538284
1314,0.787729,0.490395,0.525567,0.55884
1315,0.491984,0.277933,0.653843,0.508956
1316,0.570589,0.533105,0.392024,0.512303
1317,0.765933,0.18968,0.341056,0.433247
1318,0.236103,0.592131,0.537442,0.49387
1319,0.29517,0.81083,0.547603,0.466104
1320,0.920858,0.283681,0.409865,0.526337
1321,0.400359,0.305254,0.492334,0.50484
1322,0.96922,0.777822,0.625396,0.459084
1323,0.181113,0.137835,0.532405,0.507627
1324,0.00857983,0.303939,0.487895,0.553945
1325,0.686518,0.52887,0.41596,0.494934
1326,0.228663,0.352544,0.363896,0.489674
1327,0.22349,0.682813,0.478351,0.491155
1328,0.280678,0.721198,0.470613,0.474954
1329,0.638345,0.656336,0.4713,0.45328
1330,0.275103,0.258923,0.559483,0.487515
1331,0.577558,0.834101,0.473205,0.460903
1332,0.393789,0.459201,0.490777,0.479068
1333,0.00830407,0.457321,0.553323,0.479984
1334,0.922054,0.294867,0.592906,0.528609
1335,0.218756,0.288645,0.612714,0.491528
1336,0.838521,0.781413,0.323833,0.49744
1337,0.340291,0.811526,0.446768,0.524031
1338,0.941039,0.243911,0.471421,0.47297
1339,0.146483,0.784401,0.563381,0.4765
1340,0.476191,0.444913,0.491524,0.467526
1341,0.0205092,0.48941,0.440689,0.439816
1342,0.41533,0.50989,0.431162,0.482872
1343,0.951603,0.601568,0.596828,0.550506
1344,0.229941,0.428939,0.487019,0.500111
1345,0.661836,0.610021,0.488666,0.472942
1346,0.545745,0.391691,0.291081,0.517003
1347,0.793789,0.348455,0.536596,0.476067
1348,0.538013,0.248737,0.239398,0.500815
1349,0.310256,0.462151,0.60285,0.574355
1350,0.234488,0.932042,0.493105,0.534965
1351,0.28298,0.224711,0.553756,0.521042
1352,0.633285,0.14074,0.449081,0.490807
1353,0.694024,0.19736,0.544334,0.48696
1354,0.544319,0.166506,0.476781,0.494355
1355,0.244419,0.474165,0.654104,0.46839
1356,0.0782826,0.405359,0.522539,0.4797
1357,0.455452,0.413985,0.443872,0.497728
1358,0.309518,0.487368,0.501632,0.479198
1359,0.0739674,0.589784,0.56161,0.482879
1360,0.733484,0.477312,0.491861,0.476736
1361,0.138607,0.557104,0.469012,0.504771
1362,0.627329,0.186815,0.580417,0.504368
1363,0.533543,0.690177,0.452024,0.538834
1364,0.0995186,0.481651,0.562136,0.516234
1365,0.999408,0.255038,0.547003,0.474418
1366,0.455359,0.58207,0.417601,0.488666
1367,0.0381168,0.713811,0.546875,0.483805
1368,0.0381472,0.309996,0.589657,0.484066
1369,0.522151,0.280452,0.545742,0.496838
1370,0.259495,0.541734,0.41812,0.465029
1371,0.357128,0.224529,0.548348,0.467717
1372,0.685849,0.362069,0.521397,0.48029
1373,0.151473,0.532918,0.483208,0.496585
1374,0.682243,0.379929,0.463083,0.497768
1375,0.274445,0.428319,0.474382,0.495963
1376,0.0272207,0.351012,0.648417,0.518336
1377,0.183236,0.247013,0.442691,0.490631
1378,0.0232563,0.677689,0.625053,0.444334
1379,0.171006,0.392327,0.422749,0.525528
1380,0.348922,0.338308,0.432753,0.484924
1381,0.222413,0.680159,0.567372,0.482218
1382,0.33868,0.406863,0.361939,0.465808
1383,0.230529,0.546202,0.622364,0.530813
1384,0.560827,0.378935,0.411077,0.481505
1385,0.0502804,0.159471,0.431706,0.53329
1386,0.976519,0.110291,0.294097,0.471601
1387,0.507601,0.633681,0.376776,0.53303
1388,0.217597,0.815833,0.474097,0.564093
1389,0.305215,0.586451,0.464498,0.47766
1390,0.0805304,0.235636,0.504867,0.50766
1391,0.393978,0.357245,0.613085,0.50399
1392,0.725773,0.423382,0.545393,0.483154
1393,0.94821,0.519437,0.442683,0.565327
1394,0.130366,0.493792,0.544246,0.44435
1395,0.997093,0.696407,0.651567,0.489426
1396,0.559535,0.383504,0.577164,0.540514
1397,0.151442,0.670827,0.586484,0.476966
1398,0.962401,0.343636,0.554669,0.472989
1399,0.996897,0.144086,0.426567,0.523963
1400,0.869563,0.668825,0.545429,0.510092
1401,0.830382,0.651294,0.55413,0.475426
1402,0.361472,0.482784,0.535622,0.514327
1403,0.0348254,0.446275,0.524725,0.531965
1404,0.347366,0.551105,0.528557,0.450618
1405,0.570247,0.836015,0.53338,0.514443
1406,0.562768,0.201452,0.441073,0.50595
1407,0.441768,0.58617,0.256933,0.526033
1408,0.951616,0.45849,0.417732,0.470319
1409,0.927912,0.775372,0.421041,0.49776
1410,0.595478,0.848217,0.544139,0.529216
1411,0.929393,0.650886,0.527557,0.495486
1412,0.619271,0.143186,0.526209,0.477801
1413,0.991562,0.769179,0.521276,0.465663
1414,0.982022,0.739831,0.453049,0.522778
1415,0.0185243,0.970014,0.577979,0.505921
1416,0.534747,0.525423,0.388045,0.544038
1417,0.341708,0.901339,0.617047,0.509684
1418,0.931553,0.962087,0.529905,0.514563
1419,0.695881,0.321513,0.518385,0.530572
1420,0.233403,0.146198,0.381454,0.484403
1421,0.0869726,0.51032,0.502268,0.536107
1422,0.792836,0.557453,0.320156,0.515151
1423,0.781389,0.549931,0.666556,0.514773
1424,0.745836,0.448903,0.454289,0.506102
1425,0.0732698,0.957204,0.418523,0.549054
1426,0.524844,0.542525,0.279576,0.513391
1427,0.426336,0.810553,0.517175,0.504136
1428,0.277672,0.239534,0.609215,0.477019
1429,0.531217,0.541628,0.720224,0.515519
1430,0.574995,0.571779,0.683019,0.502656
1431,0.190424,0.704074,0.589407,0.520145
1432,0.352952,0.330448,0.326338,0.511029
1433,0.898471,0.588869,0.484161,0.456829
1434,0.502516,0.453358,0.473949,0.488966
1435,0.374603,0.35049,0.651275,0.456417
1436,0.871049,0.299641,0.426146,0.489026
1437,0.114214,0.358125,0.359372,0.479979
1438,0.53206,0.780097,0.58668,0.488188
1439,0.296509,0.206513,0.491149,0.505126
1440,0.737075,0.304779,0.533003,0.573408
1441,0.834267,0.459704,0.484271,0.45202
1442,0.960569,0.379555,0.328181,0.469124
1443,0.535269,0.583574,0.481567,0.473522
1444,0.379641,0.35,0.478938,0.488375
1445,0.477972,0.561934,0.530973,0.522558
1446,0.864992,0.387725,0.489103,0.50555
1447,0.859853,0.48677,0.528069,0.510453
1448,0.979922,0.747195,0.541453,0.473258
1449,0.231482,0.649139,0.509874,0.45247
1450,0.172585,0.352306,0.57312,0.498571
1451,0.576495,0.369681,0.47287,0.454809
1452,0.170399,0.738326,0.452303,0.477948
1453,0.754678,0.479587,0.406675,0.557378
1454,0.068052,0.275164,0.560771,0.519018
1455,0.840916,0.674089,0.474496,0.502099
1456,0.545208,0.409896,0.42417,0.527623
1457,0.747497,0.893802,0.642407,0.436323
1458,0.538059,0.374832,0.492317,0.5085
1459,0.504136,0.773125,0.441984,0.539561
1460,0.937428,0.255968,0.358537,0.519982
1461,0.32174,0.133782,0.645375,0.540777
1462,0.11509,0.615851,0.359833,0.470078
1463,0.188998,0.524433,0.485506,0.499506
1464,0.0990874,0.715896,0.423338,0.446372
1465,0.610917,0.434269,0.490677,0.465485
1466,0.506951,0.302377,0.400397,0.500858
1467,0.389592,0.617445,0.46126,0.487542
1468,0.3605,0.473067,0.387872,0.495301
1469,0.766477,0.108036,0.573738,0.487187
1470,0.619505,0.421007,0.500929,0.527036
1471,0.777533,0.504036,0.531742,0.477245
1472,0.896328,0.560259,0.602471,0.451947
1473,0.685943,0.625017,0.502437,0.523752
1474,0.738567,0.157166,0.544543,0.517568
1475,0.886441,0.360492,0.515158,0.473214
1476,0.392431,0.246619,0.601189,0.492288
1477,0.967646,0.424734,0.56878,0.496245
1478,0.478942,0.377903,0.394346,0.558644
1479,0.696494,0.854072,0.529195,0.545587
1480,0.852159,0.214472,0.439867,0.459464
1481,0.877415,0.234704,0.433782,0.488716
1482,0.0868825,0.711445,0.431952,0.512955
1483,0.0909505,0.280427,0.501724,0.513518
1484,0.821656,0.667195,0.474003,0.479762
1485,0.952897,0.51407,0.354207,0.501563
1486,0.256003,0.562725,0.415811,0.473384
1487,0.911111,0.386826,0.468797,0.513098
1488,0.925596,0.800896,0.508358,0.525329
1489,0.388187,0.508428,0.51032,0.48794
1490,0.650886,0.449101,0.532215,0.500639
1491,0.569184,0.576488,0.440533,0.534306
1492,0.918387,0.643658,0.552978,0.522162
1493,0.880747,0.683437,0.560486,0.550495
1494,0.598987,0.449067,0.475766,0.52149
1495,0.532459,0.564508,0.40771,0.497034
1496,0.758375,0.800279,0.600652,0.499238
1497,0.248684,0.583156,0.539852,0.506318
1498,0.0875204,0.418657,0.674666,0.494072
1499,0.0784498,0.476721,0.493079,0.510633
1500,0.947388,0.883812,0.563558,0.514615
1501,0.122599,0.703841,0.611911,0.518121
1502,0.371909,0.597894,0.490615,0.537285
1503,0.619281,0.587636,0.716241,0.524966
1504,0.644526,0.176467,0.399427,0.496137
1505,0.384217,0.242044,0.537095,0.47293
1506,0.656268,0.517814,0.556829,0.502905
1507,0.653459,0.308083,0.321213,0.491316
1508,0.117497,0.71251,0.50968,0.479732
1509,0.984765,0.711949,0.392191,0.477611
1510,0.840781,0.50471,0.416989,0.494849
1511,0.541744,0.770697,0.381332,0.463731
1512,0.848953,0.448491,0.55614,0.561466
1513,0.268811,0.262881,0.696736,0.472127
1514,0.0484304,0.402047,0.401214,0.545326
1515,0.307609,0.222679,0.603694,0.528294
1516,0.137623,0.477341,0.333825,0.427153
1517,0.112448,0.583403,0.403398,0.503004
1518,0.253387,0.294465,0.593684,0.500538
1519,0.486667,0.408586,0.549605,0.479446
1520,0.0492457,0.41133,0.432415,0.494688
1521,0.93503,0.760464,0.701925,0.53495
1522,0.950618,0.487097,0.443755,0.499482
1523,0.617402,0.887109,0.500501,0.546477
1524,0.961072,0.725619,0.658068,0.491116
1525,0.0570487,0.26508,0.471347,0.519364
1526,0.452484,0.794603,0.344522,0.501308
1527,0.670069,0.638088,0.649977,0.464997
1528,0.24332,0.202745,0.672655,0.42287
1529,0.767457,0.442184,0.481046,0.443441
1530,0.50096,0.41755,0.508349,0.51505
1531,0.913087,0.430237,0.499033,0.529955
1532,0.52467,0.394977,0.404073,0.520518
1533,0.865146,0.760999,0.663819,0.489183
1534,0.777635,0.481482,0.52897,0.448289
1535,0.246726,0.474453,0.467903,0.389045
1536,0.84633,0.534658,0.616431,0.517756
1537,0.103219,0.590694,0.52644,0.501775
1538,0.318034,0.401054,0.417972,0.549027
1539,0.691172,0.307928,0.295917,0.445571
1540,0.32623,0.443469,0.392369,0.530165
1541,0.861933,0.548598,0.476276,0.47278
1542,0.438592,0.385269,0.485967,0.500519
1543,0.767751,0.253915,0.350301,0.513281
1544,0.893673,0.153652,0.323981,0.506538
1545,0.196128,0.357015,0.664485,0.504559
1546,0.616474,0.460031,0.514001,0.487733
1547,0.194568,0.481633,0.562609,0.54502
1548,0.533552,0.653684,0.448561,0.48113
1549,0.0538623,0.659164,0.603006,0.50439
1550,0.783376,0.25321,0.399961,0.504205
1551,0.33603,0.63875,0.502293,0.492284
1552,0.272737,0.466264,0.378054,0.488191
1553,0.571726,0.591993,0.617261,0.494057
1554,0.0697493,0.43013,0.501436,0.48003
1555,0.873659,0.920921,0.312559,0.481806
1556,0.980242,0.778954,0.496482,0.522348
1557,0.764687,0.488192,0.349938,0.464516
1558,0.436961,0.611068,0.426805,0.498368
1559,0.3457,0.142286,0.59388,0.553016
1560,0.724439,0.760829,0.440128,0.514025
1561,0.208712,0.463542,0.421779,0.49449
1562,0.539522,0.436968,0.408813,0.524704
1563,0.646714,0.428395,0.332216,0.529527
1564,0.87824,0.258349,0.395633,0.474807
1565,0.246053,0.108518,0.55863,0.473031
1566,0.151676,0.327328,0.550712,0.498176
1567,0.865647,0.307039,0.626739,0.538645
1568,0.986428,0.0787372,0.478918,0.482766
1569,0.327953,0.501635,0.47356,0.522989
1570,0.562547,0.610094,0.347702,0.527924
1571,0.520602,0.148684,0.657677,0.523134
1572,0.364063,0.410727,0.582604,0.513896
1573,0.0682464,0.441066,0.499203,0.486421
1574,0.388187,0.874641,0.402083,0.502747
1575,0.338367,0.719936,0.518328,0.524012
1576,0.893197,0.53405,0.553898,0.527235
1577,0.853458,0.482559,0.437097,0.493167
1578,0.570008,0.445401,0.377758,0.474693
1579,0.212867,0.361466,0.473329,0.504949
1580,0.0953757,0.826725,0.503518,0.504714
1581,0.0986473,0.595121,0.35332,0.49648
1582,0.136157,0.197793,0.349607,0.58468
1583,0.314331,0.47436,0.44255,0.51776
1584,0.504228,0.251522,0.526422,0.471389
1585,0.830418,0.208442,0.416558,0.51868
1586,0.210697,0.504615,0.529427,0.581123
1587,0.933801,0.771812,0.478358,0.542392
1588,0.0266199,0.611143,0.476867,0.479336
1589,0.814906,0.522026,0.346525,0.526647
1590,0.286409,0.437356,0.488644,0.504032
1591,0.428346,0.489548,0.423225,0.518768
1592,0.399613,0.589163,0.485883,0.463231
1593,0.243604,0.257628,0.405832,0.540579
1594,0.858421,0.542779,0.607439,0.522386
1595,0.442201,0.499354,0.511528,0.494518
1596,0.217021,0.686788,0.403473,0.544268
1597,0.576796,0.833271,0.602609,0.486112
1598,0.981657,0.723009,0.481459,0.519918
1599,0.748207,0.773642,0.508672,0.49219
1600,0.16349,0.432572,0.418165,0.500788
1601,0.775137,0.67599,0.437814,0.523624
1602,0.405496,0.182036,0.494384,0.474126
1603,0.881126,0.831127,0.444167,0.489639
1604,0.0614245,0.554432,0.642635,0.530544
1605,0.295168,0.715951,0.480884,0.480697
1606,0.800598,0.340358,0.563516,0.518411
1607,0.987304,0.767476,0.462737,0.543079
1608,0.768975,0.594377,0.508512,0.47509
1609,0.0738176,0.348805,0.528621,0.523169
1610,0.778192,0.402329,0.39471,0.483104
1611,0.729997,0.541167,0.64583,0.506424
1612,0.684014,0.712126,0.400877,0.508113
1613,0.688367,0.33561,0.320585,0.513451
1614,0.370407,0.289929,0.413592,0.495854
1615,0.87162,0.331974,0.289603,0.473196
1616,0.0841275,0.723185,0.360764,0.505811
1617,0.0789347,0.437339,0.463186,0.525623
1618,0.256455,0.396995,0.405596,0.525807
1619,0.476989,0.193246,0.496639,0.496072
1620,0.397062,0.370717,0.432054,0.480427
1621,0.00593382,0.448514,0.454863,0.486774
1622,0.0553867,0.596867,0.49409,0.542176
1623,0.187935,0.742785,0.466802,0.509301
1624,0.0368638,0.122567,0.629775,0.511922
1625,0.849661,0.283844,0.494473,0.501883
1626,0.639232,0.743574,0.472245,0.521732
1627,0.320742,0.331424,0.564815,0.503279
1628,0.10149,0.160994,0.524907,0.544298
1629,0.726375,0.15243,0.370121,0.521822
1630,0.734786,0.694695,0.601523,0.469292
1631,0.713857,0.231619,0.492817,0.498848
1632,0.107569,0.501674,0.503644,0.481456
1633,0.196851,0.583169,0.529347,0.494562
1634,0.568205,0.367491,0.381238,0.491011
1635,0.352981,0.326342,0.587497,0.508879
1636,0.293126,0.211507,0.456517,0.464379
1637,0.300217,0.287027,0.574749,0.459823
1638,0.360511,0.296337,0.62571,0.485102
1639,0.341616,0.664453,0.462755,0.501663
1640,0.761537,0.425199,0.437254,0.491189
1641,0.19725,0.388744,0.449883,0.466245
1642,0.906721,0.428614,0.66667,0.474021
1643,0.253727,0.383499,0.487397,0.537214
1644,0.938122,0.284656,0.517436,0.560783
1645,0.511534,0.45203,0.50456,0.453865
1646,0.97571,0.380474,0.499865,0.514098
1647,0.25642,0.372635,0.467557,0.543879
1648,0.189213,0.101463,0.728458,0.508754
1649,0.390849,0.665211,0.569719,0.517377
1650,0.967189,0.538044,0.54991,0.54359
1651,0.548357,0.833001,0.427459,0.47642
1652,0.893163,0.592296,0.666638,0.502617
1653,0.47058,0.943296,0.63053,0.428612
1654,0.177922,0.761107,0.532297,0.521051
1655,0.0164649,0.953629,0.469263,0.522991
1656,0.290587,0.643519,0.643077,0.526443
1657,0.120297,0.119517,0.550808,0.508838
1658,0.589213,0.614816,0.604888,0.558382
1659,0.93084,0.308592,0.450137,0.509987
1660,0.77065,0.470638,0.651748,0.489394
1661,0.627116,0.614028,0.447737,0.499293
1662,0.625735,0.673084,0.444083,0.494708
1663,0.805537,0.533978,0.536885,0.49063
1664,0.220928,0.559263,0.534741,0.507644
1665,0.067,0.436818,0.506714,0.525633
1666,0.592191,0.219563,0.536925,0.488997
1667,0.0500635,0.287019,0.367515,0.493109
1668,0.186183,0.777877,0.432378,0.476534
1669,0.508468,0.750342,0.512645,0.530262
1670,0.11563,0.396165,0.395639,0.493914
1671,0.990478,0.537807,0.434455,0.482227
1672,0.00843102,0.472614,0.57043,0.54361
1673,0.57174,0.317051,0.594387,0.494551
1674,0.960111,0.354513,0.684227,0.466316
1675,0.486242,0.697085,0.362958,0.527477
1676,0.17527,0.686518,0.471726,0.490354
1677,0.138314,0.50747,0.559192,0.497272
1678,0.995908,0.655053,0.46872,0.479035
1679,0.414596,0.429978,0.534861,0.490479
1680,0.760177,0.44894,0.462428,0.459946
1681,0.798342,0.852592,0.547134,0.450044
1682,0.26277,0.496542,0.597218,0.484567
1683,0.411976,0.921037,0.334557,0.533359
1684,0.228302,0.476013,0.413941,0.452194
1685,0.28164,0.28488,0.662394,0.586573
1686,0.237347,0.872659,0.478967,0.447017
1687,0.594441,0.203812,0.490115,0.502109
1688,0.791204,0.293991,0.622239,0.478939
1689,0.207127,0.306944,0.427256,0.548981
1690,0.276577,0.532359,0.722029,0.539575
1691,0.637602,0.49917,0.55515,0.507929
1692,0.867424,0.489878,0.642113,0.51052
1693,0.78828,0.625645,0.431481,0.487797
1694,0.345463,0.318728,0.527726,0.46891
1695,0.161202,0.559037,0.520715,0.535124
1696,0.642313,0.816696,0.491862,0.50557
1697,0.15059,0.748897,0.377641,0.496348
1698,0.539667,0.292222,0.510518,0.505606
1699,0.383062,0.211882,0.443222,0.503984
1700,0.976081,0.605079,0.614064,0.494087
1701,0.371869,0.807428,0.602854,0.526538
1702,0.476985,0.285762,0.560441,0.514124
1703,0.499291,0.266442,0.593811,0.4864
1704,0.395605,0.792274,0.672663,0.501752
1705,0.686946,0.766187,0.427365,0.490364
1706,0.659944,0.53095,0.500305,0.462212
1707,0.198596,0.951617,0.43353,0.46335
1708,0.191573,0.370048,0.500493,0.548439
1709,0.163043,0.749455,0.666423,0.556428
1710,0.61339,0.639065,0.482517,0.536177
1711,0.583526,0.641453,0.441905,0.507091
1712,0.95262,0.7332,0.461925,0.475086
1713,0.92789,0.127169,0.557128,0.496886
1714,0.591239,0.48233,0.354399,0.505421
1715,0.974133,0.910484,0.405835,0.474415
1716,0.58312,0.401306,0.402338,0.49227
1717,0.315119,0.191913,0.497191,0.489403
1718,0.447074,0.427537,0.292176,0.500153
1719,0.502635,0.349678,0.330846,0.516022
1720,0.00826879,0.571668,0.622011,0.505111
1721,0.395108,0.778563,0.556148,0.479398
1722,0.80169,0.515344,0.421086,0.505617
1723,0.932343,0.597564,0.57463,0.503398
1724,0.562503,0.68725,0.401597,0.519358
1725,0.817485,0.311223,0.577195,0.466782
1726,0.750971,0.706719,0.623367,0.512559
1727,0.080652,0.443214,0.517925,0.49885
1728,0.334658,0.478281,0.646899,0.52177
1729,0.955812,0.461881,0.502907,0.482266
1730,0.279982,0.448034,0.570837,0.457401
1731,0.892887,0.563248,0.46232,0.564117
1732,0.511473,0.131245,0.50216,0.486028
1733,0.486364,0.516654,0.381243,0.472675
1734,0.430171,0.315414,0.550431,0.519735
1735,0.369089,0.0772988,0.647889,0.493491
1736,0.682224,0.787794,0.455711,0.527527
1737,0.940736,0.500642,0.577931,0.511352
1738,0.659032,0.727101,0.588095,0.544686
1739,0.925473,0.446191,0.472803,0.481166
1740,0.95974,0.474793,0.54457,0.503312
1741,0.854559,0.630823,0.563118,0.485139
1742,0.194319,0.562064,0.489797,0.551444
1743,0.581594,0.282673,0.616735,0.529903
1744,0.111473,0.373821,0.332696,0.506263
1745,0.0187529,0.45504,0.567561,0.497502
1746,0.383219,0.458731,0.441895,0.477296
1747,0.776923,0.571762,0.451963,0.536581
1748,0.309442,0.175087,0.530971,0.477172
1749,0.371261,0.488597,0.517239,0.459424
1750,0.842304,0.616904,0.442579,0.521742
1751,0.27915,0.469812,0.290177,0.495014
1752,0.886995,0.810537,0.547957,0.498848
1753,0.310483,0.36025,0.543455,0.484811
1754,0.804215,0.678469,0.630354,0.503229
1755,0.162509,0.819172,0.366105,0.530222
1756,0.0766187,0.369922,0.373828,0.479415
1757,0.949946,0.695995,0.304031,0.491536
1758,0.516,0.37076,0.555542,0.499684
1759,0.287681,0.516939,0.4957,0.471234
1760,0.196235,0.78046,0.533082,0.496956
1761,0.0689484,0.659091,0.503349,0.506976
1762,0.361994,0.275284,0.39017,0.513797
1763,0.154417,0.337701,0.648885,0.529256
1764,0.407319,0.246454,0.584383,0.486096
1765,0.466835,0.872684,0.61554,0.479267
1766,0.957533,0.611186,0.436494,0.527902
1767,0.941266,0.344546,0.314157,0.509625
1768,0.898921,0.433525,0.55066,0.563431
1769,0.0385412,0.709284,0.534376,0.441464
1770,0.591534,0.637346,0.483368,0.506756
1771,0.480261,0.430764,0.561837,0.472285
1772,0.22558,0.938958,0.444113,0.499467
1773,0.314339,0.658723,0.521117,0.47174
1774,0.794797,0.58151,0.543759,0.457558
1775,0.792993,0.304895,0.478898,0.496483
1776,0.268866,0.773748,0.486512,0.48924
1777,0.324283,0.390108,0.41103,0.502626
1778,0.592256,0.864359,0.519612,0.465554
1779,0.56215,0.53982,0.483119,0.478813
1780,0.78263,0.514287,0.554829,0.523725
1781,0.553396,0.598211,0.471271,0.47742
1782,0.182678,0.328174,0.477977,0.493635
1783,0.921806,0.515797,0.447433,0.514739
1784,0.258235,0.645855,0.508326,0.493741
1785,0.26154,0.35274,0.365638,0.521279
1786,0.80619,0.293634,0.643499,0.520763
1787,0.581905,0.248411,0.583623,0.514913
1788,0.601262,0.662343,0.540393,0.514026
1789,0.58552,0.719555,0.551063,0.524462
1790,0.742665,0.206605,0.538076,0.535012
1791,0.387534,0.443694,0.342689,0.45922
1792,0.195229,0.515367,0.474204,0.546736
1793,0.372077,0.353141,0.469993,0.509712
1794,0.472382,0.614457,0.51236,0.502756
1795,0.750564,0.589897,0.569157,0.511097
1796,0.846457,0.392465,0.675359,0.502484
1797,0.57985,0.214077,0.462723,0.506164
1798,0.67128,0.505709,0.56184,0.529228
1799,0.247613,0.591901,0.56792,0.5175
1800,0.0194936,0.481713,0.339489,0.537492
1801,0.0255241,0.875849,0.342574,0.477455
1802,0.958999,0.497611,0.411158,0.542634
1803,0.290445,0.680746,0.661892,0.528567
1804,0.00292966,0.345233,0.343213,0.534046
1805,0.142458,0.571738,0.580417,0.468186
1806,0.127967,0.865906,0.555118,0.472304
1807,0.847838,0.575617,0.381405,0.445703
1808,0.165424,0.335041,0.600085,0.487625
1809,0.896044,0.401595,0.646557,0.494553
1810,0.321103,0.44429,0.397198,0.471396
1811,0.40555,0.814504,0.663841,0.495155
1812,0.402378,0.26277,0.479208,0.499394
1813,0.9046,0.364771,0.558395,0.533136
1814,0.565861,0.505483,0.522276,0.52948
1815,0.835826,0.166097,0.474043,0.491288
1816,0.0218888,0.463487,0.525315,0.491461
1817,0.712185,0.191171,0.369623,0.505532
1818,0.891047,0.460963,0.538437,0.505299
1819,0.721243,0.639859,0.589644,0.502446
1820,0.617833,0.219244,0.530137,0.471218
1821,0.833567,0.577039,0.587034,0.461997
1822,0.534023,0.234877,0.444131,0.463174
1823,0.519678,0.562172,0.525042,0.472491
1824,0.527766,0.538767,0.473218,0.499224
1825,0.143604,0.85252,0.477317,0.518593
1826,0.479901,0.694109,0.505274,0.538344
1827,0.316641,0.909492,0.575469,0.500714
1828,0.0296178,0.396826,0.465761,0.554436
1829,0.134232,0.458999,0.479551,0.500788
1830,0.65754,0.828338,0.508148,0.549937
1831,0.805663,0.698074,0.417887,0.506776
1832,0.906031,0.154023,0.546017,0.505092
1833,0.951554,0.227546,0.707528,0.49102
1834,0.85235,0.311069,0.496819,0.54076
1835,0.553302,0.524703,0.565377,0.488453
1836,0.967026,0.500992,0.403891,0.480144
1837,0.611356,0.845136,0.735471,0.464775
1838,0.992055,0.537294,0.579335,0.478676
1839,0.997592,0.322301,0.58083,0.508277
1840,0.795009,0.458993,0.433352,0.483907
1841,0.750741,0.779681,0.424416,0.523188
1842,0.533937,0.690618,0.528698,0.485364
1843,0.421311,0.714046,0.446013,0.508476
1844,0.741942,0.342636,0.66354,0.527311
1845,0.30216,0.202806,0.56518,0.521409
1846,0.75207,0.369542,0.508806,0.527841
1847,0.226846,0.38306,0.473162,0.496893
1848,0.103751,0.333624,0.405692,0.457023
1849,0.888324,0.682757,0.475902,0.449929
1850,0.71856,0.389198,0.480573,0.571616
1851,0.0789965,0.672529,0.545047,0.502662
1852,0.615235,0.173037,0.437845,0.465451
1853,0.0656242,0.388439,0.473218,0.487137
1854,0.527584,0.223261,0.61062,0.529781
1855,0.205885,0.431572,0.47056,0.569333
1856,0.799365,0.26236,0.360209,0.499514
1857,0.041594,0.70629,0.499622,0.469478
1858,0.0655658,0.376101,0.497642,0.500175
1859,0.65505,0.351199,0.428287,0.462617
1860,0.273876,0.541351,0.680835,0.545702
1861,0.62943,0.169072,0.586208,0.522076
1862,0.531358,0.554692,0.296074,0.555924
1863,0.35936,0.305338,0.709849,0.505086
1864,0.527482,0.317443,0.486215,0.47766
1865,0.169,0.761792,0.498026,0.516573
1866,0.509811,0.683223,0.561467,0.49871
1867,0.211921,0.325196,0.624931,0.443685
1868,0.746318,0.252871,0.329455,0.476993
1869,0.347414,0.524241,0.474623,0.450494
1870,0.159342,0.473144,0.538225,0.506892
1871,0.185811,0.279232,0.535525,0.527928
1872,0.472896,0.530635,0.307135,0.477371
1873,0.419964,0.619268,0.454069,0.48772
1874,0.854516,0.392377,0.49158,0.552718
1875,0.0369221,0.28168,0.279975,0.544849
1876,0.845809,0.439881,0.434607,0.478179
1877,0.60986,0.575269,0.555866,0.473916
1878,0.199532,0.496855,0.448021,0.487173
1879,0.939232,0.673057,0.547423,0.486245
1880,0.185797,0.928872,0.570805,0.470916
1881,0.517063,0.322581,0.784758,0.493033
1882,0.87574,0.785472,0.510429,0.533032
1883,0.132572,0.657269,0.67728,0.497286
1884,0.205898,0.815567,0.452287,0.496241
1885,0.475892,0.196039,0.579414,0.497604
1886,0.389756,0.668072,0.477005,0.444382
1887,0.393628,0.0800043,0.580978,0.453106
1888,0.229834,0.13047,0.399745,0.491033
1889,0.969927,0.726916,0.530551,0.480461
1890,0.938777,0.510218,0.400273,0.484718
1891,0.920278,0.317961,0.39638,0.549437
1892,0.759534,0.364982,0.548292,0.494875
1893,0.661712,0.441337,0.483072,0.490043
1894,0.702618,0.815564,0.420143,0.458674
1895,0.565024,0.431222,0.3585,0.519669
1896,0.451655,0.644565,0.577901,0.558247
1897,0.263332,0.35107,0.554433,0.494632
1898,0.710763,0.266369,0.501779,0.499978
1899,0.751522,0.412739,0.460623,0.45664
1900,0.112711,0.535713,0.597247,0.487014
1901,0.520351,0.385936,0.472657,0.498994
1902,0.726081,0.467602,0.575938,0.478287
1903,0.814191,0.537485,0.53196,0.463181
1904,0.427387,0.387599,0.54018,0.548892
1905,0.882744,0.881871,0.475242,0.523924
1906,0.450274,0.294849,0.650142,0.490687
1907,0.838322,0.145386,0.703755,0.498537
1908,0.675803,0.424447,0.709118,0.499038
1909,0.0880759,0.299563,0.415699,0.496557
1910,0.810883,0.758322,0.529581,0.51269
1911,0.739709,0.549731,0.394811,0.493448
1912,0.20991,0.42672,0.44596,0.508111
1913,0.698714,0.187521,0.585617,0.495823
1914,0.563662,0.854451,0.61564,0.504129
1915,0.66979,0.197281,0.726615,0.51759
1916,0.640249,0.514258,0.493651,0.503649
1917,0.649531,0.789974,0.35306,0.509625
1918,0.271227,0.635196,0.558464,0.495287
1919,0.694793,0.456035,0.372373,0.489353
1920,0.881606,0.581103,0.357602,0.553767
1921,0.827254,0.591216,0.405712,0.53198
1922,0.639384,0.398156,0.511645,0.518491
1923,0.874208,0.39726,0.435123,0.467229
1924,0.925447,0.201015,0.67558,0.502608
1925,0.588163,0.628346,0.320619,0.540974
1926,0.852917,0.765203,0.518007,0.523064
1927,0.622645,0.283332,0.607364,0.499634
1928,0.610667,0.258236,0.50981,0.493968
1929,0.616535,0.42591,0.699605,0.450843
1930,0.00554329,0.313425,0.454187,0.512631
1931,0.816097,0.472885,0.445279,0.528299
1932,0.0702519,0.655899,0.50075,0.499752
1933,0.540424,0.428283,0.536474,0.510182
1934,0.923352,0.252122,0.549315,0.481077
1935,0.203933,0.598029,0.539195,0.48978
1936,0.91486,0.773371,0.545565,0.512596
1937,0.880926,0.535631,0.632116,0.507085
1938,0.00235434,0.368233,0.503285,0.477595
1939,0.985367,0.830756,0.510426,0.497622
1940,0.70563,0.504637,0.325672,0.488922
1941,0.0616835,0.681698,0.447387,0.462456
1942,0.390506,0.61721,0.458793,0.4851
1943,0.0463054,0.200384,0.63266,0.479585
1944,0.655033,0.396379,0.409179,0.533951
1945,0.91162,0.40829,0.569522,0.503523
1946,0.620234,0.406857,0.487323,0.485344
1947,0.440678,0.301771,0.470544,0.452659
1948,0.71961,0.362623,0.660341,0.530652
1949,0.138775,0.361921,0.541476,0.487345
1950,0.223287,0.460407,0.453434,0.486278
1951,0.819694,0.583344,0.543686,0.443528
1952,0.911502,0.491379,0.526859,0.449366
1953,0.138778,0.519442,0.428437,0.462554
1954,0.92569,0.366883,0.307872,0.483123
1955,0.21174,0.650543,0.342909,0.541408
1956,0.51279,0.448709,0.336531,0.525695
1957,0.948505,0.386385,0.622441,0.498237
1958,0.623367,0.308983,0.474089,0.497033
1959,0.852479,0.777292,0.416864,0.488841
1960,0.339819,0.360584,0.47003,0.46533
1961,0.60334,0.736003,0.452921,0.48062
1962,0.781179,0.841142,0.443433,0.509845
1963,0.645361,0.386435,0.667935,0.46683
1964,0.842249,0.809044,0.501083,0.512676
1965,0.263447,0.188276,0.603903,0.537446
1966,0.388845,0.375471,0.552621,0.498001
1967,0.752424,0.627954,0.391472,0.473729
1968,0.858261,0.274912,0.486488,0.5244
1969,0.617341,0.773459,0.550646,0.430547
1970,0.761575,0.185704,0.616671,0.533859
1971,0.197612,0.526981,0.39359,0.490242
1972,0.663854,0.115912,0.686087,0.461377
1973,0.845778,0.478568,0.420693,0.510587
1974,0.812803,0.786506,0.527444,0.511211
1975,0.102607,0.355483,0.649777,0.530923
1976,0.587776,0.67,0.599323,0.496903
1977,0.149786,0.219612,0.544733,0.553055
1978,0.878896,0.577363,0.460827,0.479442
1979,0.129579,0.45272,0.526292,0.528298
1980,0.107541,0.565148,0.485155,0.522383
1981,0.0468526,0.486908,0.467228,0.467856
1982,0.575087,0.309061,0.585531,0.505185
1983,0.206411,0.418517,0.373386,0.519354
1984,0.845947,0.607349,0.513373,0.503122
1985,0.570838,0.532475,0.398667,0.480144
1986,0.748383,0.451386,0.517047,0.452292
1987,0.95673,0.355777,0.595704,0.553307
1988,0.257251,0.579269,0.467377,0.548036
1989,0.644714,0.551813,0.461395,0.488727
1990,0.51334,0.69043,0.457587,0.453129
1991,0.21696,0.257817,0.480505,0.559418
1992,0.689911,0.846428,0.533825,0.462421
1993,0.420266,0.189429,0.347456,0.529418
1994,0.163059,0.402681,0.415503,0.472307
1995,0.332016,0.522775,0.475412,0.506807
1996,0.756833,0.332074,0.487862,0.458865
1997,0.703623,0.38771,0.495624,0.480501
1998,0.899595,0.443112,0.576647,0.525842
1999,0.785225,0.41982,0.398931,0.47496
2000,0.00902592,0.744653,0.391428,0.517432
2001,0.836808,0.309293,0.319009,0.529886
2002,0.69034,0.910837,0.53925,0.464869
2003,0.310399,0.805971,0.37099,0.491468
2004,0.425323,0.544058,0.406112,0.553867
2005,0.929205,0.688363,0.475137,0.450031
2006,0.90141,0.745633,0.618995,0.526419
2007,0.597328,0.861288,0.486692,0.507734
2008,0.486447,0.19826,0.483605,0.458194
2009,0.193328,0.088513,0.655457,0.526128
2010,0.863265,0.151861,0.540854,0.489857
2011,0.647571,0.124782,0.531455,0.526559
2012,0.0396179,0.556561,0.500837,0.492254
2013,0.619724,0.433251,0.356623,0.501862
2014,0.271833,0.595164,0.479847,0.464337
2015,0.845435,0.911958,0.644246,0.487795
2016,0.879609,0.958169,0.480628,0.512817
2017,0.328309,0.287161,0.444955,0.399144
2018,0.810415,0.686777,0.377951,0.490538
2019,0.928232,0.203127,0.459708,0.517357
2020,0.229671,0.376197,0.272152,0.478475
2021,0.878469,0.34553,0.288875,0.484929
2022,0.990146,0.437643,0.494871,0.501937
2023,0.787925,0.422905,0.569188,0.475893
2024,0.0130008,0.401049,0.510826,0.477984
2025,0.547467,0.770016,0.550259,0.51862
2026,0.752548,0.469579,0.454941,0.502504
2027,0.899325,0.486332,0.692024,0.469045
2028,0.0309523,0.689676,0.44944,0.49156
2029,0.254182,0.407187,0.520221,0.463859
2030,0.565639,0.715953,0.602199,0.466812
2031,0.10337,0.554131,0.386453,0.451625
2032,0.63245,0.70687,0.428682,0.504313
2033,0.289938,0.252495,0.471168,0.452715
2034,0.690479,0.394406,0.404162,0.485739
2035,0.40126,0.794597,0.586237,0.520795
2036,0.0510166,0.78273,0.575504,0.474043
2037,0.415911,0.169092,0.375836,0.50985
2038,0.0193423,0.116556,0.448163,0.469069
2039,0.729186,0.455616,0.444034,0.523742
2040,0.838526,0.390334,0.384466,0.548322
2041,0.0117319,0.420747,0.503691,0.517932
2042,0.817711,0.504114,0.510959,0.520914
2043,0.7452,0.758307,0.302766,0.545888
2044,0.431646,0.355464,0.515002,0.494946
2045,0.845628,0.300615,0.42132,0.44996
2046,0.173922,0.75981,0.673612,0.502898
2047,0.299625,0.771923,0.396249,0.466669
2048,0.197484,0.754669,0.553959,0.484456
2049,0.434815,0.489756,0.559599,0.532992
2050,0.712815,0.509788,0.483153,0.473952
2051,0.277063,0.443758,0.382159,0.548897
2052,0.825121,0.410032,0.537457,0.535509
2053,0.846396,0.405569,0.717209,0.472608
2054,0.809652,0.669069,0.57624,0.517371
2055,0.159147,0.45116,0.603641,0.509954
2056,0.821593,0.0823492,0.451596,0.477367
2057,0.843402,0.532829,0.485772,0.497063
2058,0.200527,0.423076,0.586527,0.540875
2059,0.199,0.316164,0.517396,0.561068
2060,0.452809,0.695124,0.452521,0.465596
2061,0.415837,0.0882332,0.332365,0.470929
2062,0.484624,0.568481,0.627947,0.481824
2063,0.225987,0.26494,0.56063,0.475012
2064,0.716486,0.248428,0.440272,0.526331
2065,0.579749,0.560362,0.57357,0.494105
2066,0.917032,0.380565,0.514016,0.527929
2067,0.486638,0.300054,0.588675,0.530262
2068,0.976347,0.125373,0.527495,0.452894
2069,0.724096,0.585244,0.522461,0.484591
2070,0.370081,0.399251,0.534862,0.506688
2071,0.717099,0.746716,0.419026,0.466195
2072,0.511574,0.938233,0.365829,0.510437
2073,0.299926,0.845337,0.574206,0.481483
2074,0.0738762,0.141769,0.527415,0.499925
2075,0.945519,0.185486,0.572985,0.491906
2076,0.386314,0.152352,0.494442,0.516274
2077,0.0624454,0.4862,0.593075,0.524549
2078,0.317009,0.409004,0.461244,0.511065
2079,0.919481,0.431689,0.507616,0.47087
2080,0.320413,0.772282,0.48415,0.524867
2081,0.895753,0.887507,0.436901,0.542403
2082,0.68644,0.769633,0.506468,0.502739
2083,0.0926718,0.491768,0.560252,0.412603
2084,0.400409,0.247448,0.456606,0.478876
2085,0.193135,0.647819,0.655184,0.504128
2086,0.547836,0.758676,0.497059,0.51385
2087,0.804191,0.83223,0.454989,0.475836
2088,0.921271,0.387376,0.513576,0.515337
2089,0.272313,0.67777,0.462367,0.448174
2090,0.616885,0.654827,0.661342,0.473845
2091,0.629403,0.138667,0.502425,0.498192
2092,0.962728,0.465476,0.431151,0.515709
2093,0.0330521,0.363551,0.544115,0.493734
2094,0.857342,0.306264,0.53266,0.445631
2095,0.328218,0.508569,0.604854,0.475087
2096,0.703981,0.393907,0.335236,0.489474
2097,0.391104,0.0687658,0.414966,0.557636
2098,0.177968,0.822399,0.610545,0.557748
2099,0.788912,0.388353,0.491359,0.503201
2100,0.347884,0.491512,0.517614,0.484773
2101,0.543185,0.682565,0.611324,0.545417
2102,0.00959955,0.0665565,0.412539,0.504098
2103,0.75569,0.39528,0.570111,0.48657
2104,0.897585,0.625519,0.678729,0.470601
2105,0.147162,0.577251,0.462642,0.507566
2106,0.753124,0.361756,0.597468,0.501154
2107,0.797453,0.509627,0.405912,0.558807
2108,0.098287,0.631993,0.558797,0.509938
2109,0.572869,0.479055,0.411608,0.497366
2110,0.133018,0.81085,0.373765,0.506149
2111,0.253726,0.719841,0.503968,0.51323
2112,0.474046,0.218357,0.570409,0.531177
2113,0.744134,0.838353,0.614545,0.459239
2114,0.909661,0.848248,0.514801,0.455658
2115,0.0803265,0.479237,0.588181,0.441553
2116,0.560036,0.39474,0.463151,0.518019
2117,0.222219,0.454859,0.496689,0.517386
2118,0.343282,0.36048,0.533276,0.545344
2119,0.379568,0.400381,0.673433,0.486333
2120,0.816758,0.303229,0.486398,0.549784
2121,0.264513,0.701318,0.502009,0.542746
2122,0.815935,0.776982,0.427201,0.49373
2123,0.674061,0.773409,0.603351,0.545245
2124,0.132468,0.111153,0.48508,0.481715
2125,0.0381223,0.215393,0.589347,0.508263
2126,0.56421,0.342836,0.571812,0.523841
2127,0.874466,0.735466,0.30254,0.516664
2128,0.748357,0.465094,0.542288,0.527347
2129,0.102946,0.600919,0.399351,0.46207
2130,0.419842,0.806846,0.628633,0.526733
2131,0.573737,0.41594,0.407167,0.493601
2132,0.508528,0.487427,0.611907,0.484295
2133,0.048611,0.890963,0.450587,0.516855
2134,0.569324,0.518395,0.670865,0.4834
2135,0.416106,0.499572,0.509702,0.491886
2136,0.830768,0.620395,0.566322,0.514922
2137,0.838716,0.858193,0.506734,0.520326
2138,0.804935,0.515059,0.541954,0.481669
2139,0.449463,0.43755,0.58953,0.531385
2140,0.157729,0.530198,0.583612,0.521134
2141,0.267391,0.482513,0.56559,0.492642
2142,0.632089,0.252122,0.392599,0.500531
2143,0.655203,0.233679,0.495597,0.50599
2144,0.98123,0.583839,0.342713,0.487168
2145,0.969227,0.458751,0.518107,0.44599
2146,0.411988,0.389902,0.464364,0.546335
2147,0.308611,0.26441,0.482313,0.4969
2148,0.0905774,0.475679,0.473773,0.507418
2149,0.864756,0.692934,0.462493,0.470385
2150,0.850606,0.292459,0.451307,0.4863
2151,0.973214,0.571191,0.545063,0.519432
2152,0.391429,0.342335,0.476584,0.502287
2153,0.709493,0.626385,0.473043,0.497326
2154,0.39778,0.441644,0.483461,0.480526
2155,0.260491,0.792092,0.413964,0.488902
2156,0.542966,0.659889,0.487501,0.520565
2157,0.703064,0.462062,0.541308,0.545439
2158,0.202685,0.735946,0.408565,0.521813
2159,0.946941,0.365173,0.388464,0.526193
2160,0.49272,0.42486,0.421852,0.460964
2161,0.783362,0.154262,0.64204,0.553653
2162,0.299387,0.589007,0.434715,0.483895
2163,0.557703,0.514433,0.463031,0.53611
2164,0.631114,0.201189,0.484508,0.520112
2165,0.374412,0.75554,0.228598,0.499178
2166,0.690029,0.395374,0.432815,0.535836
2167,0.492143,0.683688,0.525054,0.486662
2168,0.278772,0.253175,0.628258,0.553561
2169,0.790395,0.475526,0.320665,0.508468
2170,0.381232,0.380863,0.742297,0.519053
2171,0.543528,0.565111,0.307265,0.517687
2172,0.252271,0.424952,0.412759,0.497051
2173,0.255104,0.36475,0.586764,0.54589
2174,0.545456,0.254203,0.597732,0.52149
2175,0.0820833,0.415766,0.54288,0.492912
2176,0.677844,0.479335,0.403537,0.536503
2177,0.328026,0.349631,0.508685,0.470888
2178,0.563637,0.640193,0.481265,0.511448
2179,0.0272359,0.392997,0.484487,0.518188
2180,0.543511,0.643746,0.440552,0.488807
2181,0.405939,0.557043,0.595136,0.491418
2182,0.404829,0.279841,0.552298,0.534437
2183,0.298276,0.281368,0.5768,0.445575
2184,0.860249,0.562102,0.551605,0.49556
2185,0.581832,0.310296,0.526107,0.558236
2186,0.665606,0.269706,0.520208,0.575556
2187,0.939334,0.530638,0.375926,0.560651
2188,0.0605243,0.715052,0.502169,0.465277
2189,0.399319,0.872532,0.483295,0.497716
2190,0.585612,0.583191,0.479122,0.455421
2191,0.26953,0.464434,0.428233,0.519178
2192,0.372417,0.205404,0.337475,0.495413
2193,0.567447,0.665482,0.368853,0.49404
2194,0.84105,0.235816,0.649562,0.529848
2195,0.886298,0.0284918,0.392297,0.49665
2196,0.500452,0.732087,0.524607,0.535562
2197,0.343635,0.195747,0.535348,0.536406
2198,0.166682,0.751756,0.666118,0.495519
2199,0.291697,0.888934,0.427266,0.465484
2200,0.807346,0.778121,0.544443,0.471619
2201,0.61586,0.35932,0.43254,0.482092
2202,0.546649,0.650068,0.471885,0.521006
2203,0.429443,0.615848,0.48738,0.502289
2204,0.267415,0.261933,0.580243,0.514239
2205,0.502307,0.437477,0.49718,0.518313
2206,0.429274,0.648405,0.450268,0.492903
2207,0.0943862,0.833582,0.549803,0.542006
2208,0.352072,0.455542,0.528946,0.502827
2209,0.0395242,0.40047,0.633656,0.478648
2210,0.151027,0.394406,0.426474,0.500797
2211,0.55516,0.512605,0.543428,0.52428
2212,0.46648,0.728733,0.512618,0.56026
2213,0.969351,0.744159,0.506959,0.544888
2214,0.396678,0.557763,0.450766,0.475418
2215,0.83221,0.631695,0.509451,0.495543
2216,0.99615,0.56895,0.64333,0.467779
2217,0.19993,0.330907,0.533174,0.501216
2218,0.378919,0.889054,0.641814,0.537013
2219,0.883813,0.554394,0.467227,0.530381
2220,0.0114287,0.848348,0.509883,0.480743
2221,0.865276,0.609202,0.532457,0.461302
2222,0.700518,0.77702,0.492461,0.453696
2223,0.92697,0.628417,0.425877,0.498221
2224,0.441019,0.520875,0.486613,0.533391
2225,0.417988,0.853649,0.418445,0.483842
2226,0.180458,0.379094,0.55543,0.49281
2227,0.682185,0.406807,0.405208,0.533663
2228,0.443815,0.454416,0.552777,0.456192
2229,0.456561,0.592664,0.537059,0.539933
2230,0.804206,0.0878107,0.529079,0.50505
2231,0.373512,0.368337,0.4284,0.506205
2232,0.818439,0.619661,0.458164,0.466893
2233,0.326761,0.757518,0.424988,0.515146
2234,0.324731,0.518191,0.41181,0.476811
2235,0.699422,0.632755,0.730487,0.510196
2236,0.785374,0.614395,0.641377,0.492851
2237,0.478931,0.562747,0.50957,0.536835
2238,0.729374,0.51066,0.509336,0.538833
2239,0.0458146,0.662318,0.385619,0.488881
2240,0.207106,0.308062,0.529076,0.476747
2241,0.361799,0.171497,0.48056,0.486823
2242,0.0382194,0.555254,0.445164,0.509237
2243,0.239025,0.240287,0.574297,0.484915
2244,0.282988,0.617732,0.307167,0.49215
2245,0.7591,0.45457,0.381243,0.492745
2246,0.85883,0.333309,0.587607,0.529403
2247,0.901193,0.7331,0.658897,0.498966
2248,0.629854,0.506711,0.410842,0.483772
2249,0.117547,0.450826,0.429709,0.526693
2250,0.342717,0.582153,0.474875,0.487357
2251,0.70949,0.576474,0.468762,0.510593
2252,0.255011,0.226897,0.544356,0.446406
2253,0.981595,0.498764,0.616727,0.514006
2254,0.129837,0.619114,0.46444,0.48334
2255,0.779341,0.565062,0.359566,0.521686
2256,0.71975,0.664372,0.490791,0.485626
2257,0.268956,0.641481,0.547743,0.481805
2258,0.393824,0.577976,0.587589,0.466477
2259,0.163796,0.546218,0.537512,0.509984
2260,0.409851,0.515648,0.746684,0.524161
2261,0.136732,0.204406,0.403895,0.437782
2262,0.984202,0.741537,0.550783,0.493001
2263,0.729254,0.384274,0.546735,0.453771
2264,0.56173,0.602977,0.518595,0.49451
2265,0.665679,0.489238,0.378885,0.493508
2266,0.0800805,0.387636,0.450996,0.510681
2267,0.0430197,0.623176,0.315186,0.461369
2268,0.982345,0.677435,0.613332,0.527759
2269,0.812776,0.587893,0.580831,0.499766
2270,0.806958,0.455587,0.383394,0.508974
2271,0.4709,0.870786,0.334628,0.52073
2272,0.347293,0.366582,0.667977,0.479681
2273,0.0519156,0.854018,0.534105,0.437799
2274,0.414292,0.799996,0.400427,0.480493
2275,0.481906,0.483228,0.596363,0.522896
2276,0.820542,0.370482,0.489855,0.539987
2277,0.0597526,0.221348,0.62649,0.471554
2278,0.263093,0.606916,0.577488,0.489464
2279,0.709845,0.755848,0.485408,0.493466
2280,0.423121,0.529412,0.462626,0.463093
2281,0.648155,0.159781,0.559961,0.520673
2282,0.832598,0.543005,0.460515,0.482606
2283,0.114344,0.329213,0.509029,0.531246
2284,0.155142,0.474679,0.53745,0.435818
2285,0.0543513,0.131207,0.604871,0.508706
2286,0.932074,0.294141,0.386282,0.495123
2287,0.571864,0.882562,0.445458,0.492994
2288,0.0703523,0.789312,0.545141,0.538163
2289,0.55181,0.654735,0.540516,0.459606
2290,0.413295,0.290713,0.410225,0.559775
2291,0.334238,0.0889519,0.677196,0.515331
2292,0.195943,0.568978,0.376171,0.509511
2293,0.234802,0.409649,0.590791,0.479482
2294,0.94259,0.639763,0.445669,0.523274
2295,0.410885,0.609229,0.540139,0.484664
2296,0.919609,0.168974,0.582678,0.558437
2297,0.571893,0.776188,0.520205,0.468693
2298,0.23643,0.679335,0.470692,0.516975
2299,0.422363,0.156834,0.481834,0.475875
2300,0.924233,0.496624,0.525068,0.506553
2301,0.951559,0.60859,0.418644,0.468081
2302,0.925236,0.289935,0.615891,0.535985
2303,0.667459,0.610458,0.574083,0.530931
2304,0.28772,0.768437,0.542839,0.524592
2305,0.708635,0.308869,0.536296,0.506401
2306,0.626653,0.356918,0.591366,0.512851
2307,0.842368,0.71254,0.548796,0.50689
2308,0.487223,0.569111,0.364574,0.524134
2309,0.994087,0.567942,0.583813,0.495184
2310,0.528524,0.353169,0.490607,0.531892
2311,0.316272,0.681863,0.591076,0.504405
2312,0.915445,0.258422,0.538145,0.474968
2313,0.0221047,0.295099,0.425377,0.491262
2314,0.85581,0.743479,0.431079,0.523488
2315,0.339161,0.388753,0.586963,0.465213
2316,0.450171,0.268364,0.573797,0.473072
2317,0.605991,0.286938,0.689674,0.492452
2318,0.983909,0.202888,0.427424,0.522146
2319,0.740022,0.579961,0.329657,0.490538
2320,0.591384,0.175182,0.52731,0.506529
2321,0.10462,0.29972,0.619074,0.502279
2322,0.0282297,0.455848,0.576723,0.498489
2323,0.240504,0.172992,0.569344,0.529432
2324,0.823999,0.240239,0.547713,0.518318
2325,0.790189,0.279294,0.571422,0.456572
2326,0.7582,0.408616,0.462479,0.546337
2327,0.603362,0.229676,0.567568,0.521978
2328,0.965583,0.0736206,0.576377,0.569867
2329,0.779945,0.652216,0.670001,0.497183
2330,0.330664,0.753773,0.413349,0.517298
2331,0.567695,0.416972,0.394428,0.479668
2332,0.260797,0.931028,0.37663,0.514404
2333,0.832771,0.560041,0.441219,0.542331
2334,0.196992,0.0254027,0.505314,0.514694
2335,0.47437,0.307631,0.680218,0.474277
2336,0.487228,0.716544,0.522591,0.493583
2337,0.997943,0.682993,0.549699,0.493135
2338,0.600294,0.391207,0.555559,0.506715
2339,0.203839,0.190199,0.384589,0.494867
2340,0.0967012,0.402233,0.472593,0.486387
2341,0.0386561,0.493894,0.587463,0.503125
2342,0.24048,0.560954,0.568831,0.498361
2343,0.552407,0.760171,0.645375,0.545285
2344,0.844182,0.723984,0.548772,0.530117
2345,0.176602,0.240316,0.536135,0.490808
2346,0.248235,0.409023,0.371184,0.528474
2347,0.448231,0.452757,0.372881,0.464376
2348,0.021289,0.167507,0.554778,0.476103
2349,0.674098,0.192034,0.324234,0.501182
2350,0.783235,0.654761,0.572758,0.469983
2351,0.909981,0.240878,0.508316,0.498226
2352,0.537962,0.477654,0.665751,0.516775
2353,0.463998,0.418938,0.65908,0.514265
2354,0.97242,0.682768,0.574314,0.548757
2355,0.803004,0.635567,0.59912,0.535763
2356,0.064687,0.3292,0.358253,0.557717
2357,0.0505516,0.976237,0.625277,0.518726
2358,0.052292,0.343376,0.467585,0.472335
2359,0.142637,0.753086,0.578691,0.49112
2360,0.296123,0.571662,0.715307,0.47247
2361,0.551028,0.450979,0.397495,0.565384
2362,0.402767,0.441381,0.635861,0.499466
2363,0.793232,0.704628,0.380628,0.520985
2364,0.318241,0.350589,0.507832,0.545809
2365,0.561357,0.136288,0.590155,0.515178
2366,0.493098,0.750826,0.459607,0.493175
2367,0.24465,0.458711,0.662405,0.542833
2368,0.904874,0.721709,0.645872,0.52238
2369,0.761386,0.604142,0.423816,0.543047
2370,0.842972,0.500183,0.555898,0.474055
2371,0.0142985,0.649092,0.542604,0.518155
2372,0.341683,0.483436,0.301081,0.503443
2373,0.297166,0.788684,0.478477,0.534425
2374,0.0806165,0.632999,0.576211,0.489982
2375,0.889678,0.165469,0.438855,0.498746
2376,0.738116,0.791119,0.478116,0.54945
2377,0.1785,0.70191,0.565814,0.46367
2378,0.60731,0.603746,0.663157,0.468688
2379,0.430365,0.57124,0.387565,0.506334
2380,0.559347,0.679129,0.371897,0.506876
2381,0.617972,0.601613,0.511399,0.500071
2382,0.713135,0.919669,0.594228,0.548696
2383,0.0943343,0.430361,0.275849,0.506647
2384,0.764934,0.463091,0.46738,0.473388
2385,0.539836,0.52485,0.407503,0.481089
2386,0.0972484,0.551631,0.553109,0.512454
2387,0.215408,0.669768,0.552876,0.525923
2388,0.110099,0.24523,0.558409,0.4978
2389,0.749065,0.483281,0.37788,0.43551
2390,0.399023,0.237695,0.362687,0.486074
2391,0.478982,0.518057,0.431636,0.516127
2392,0.135953,0.584712,0.684743,0.454536
2393,0.537182,0.371738,0.676316,0.480206
2394,0.721719,0.682308,0.647192,0.498353
2395,0.133334,0.396033,0.449888,0.507376
2396,0.590246,0.567891,0.476301,0.523211
2397,0.095196,0.537651,0.596436,0.439554
2398,0.311952,0.36375,0.684964,0.455705
2399,0.0138544,0.128629,0.525436,0.50241
2400,0.579828,0.329315,0.378383,0.521682
2401,0.00721913,0.453704,0.564595,0.540213
2402,0.0363413,0.817917,0.451812,0.449712
2403,0.59627,0.4262,0.297744,0.506122
2404,0.915798,0.404136,0.601,0.557232
2405,0.531664,0.673697,0.471446,0.52726
2406,0.467814,0.144781,0.583867,0.523223
2407,0.249978,0.359822,0.564944,0.508211
2408,0.784467,0.569902,0.74171,0.469636
2409,0.279902,0.564157,0.509177,0.52961
2410,0.0608903,0.424872,0.516848,0.514683
2411,0.120216,0.830529,0.359461,0.531748
2412,0.130095,0.556662,0.489515,0.528433
2413,0.433022,0.711334,0.546318,0.549502
2414,0.766799,0.139277,0.45682,0.516731
2415,0.583152,0.294859,0.501273,0.524864
2416,0.693494,0.727411,0.504613,0.424085
2417,0.672868,0.11176,0.60368,0.506655
2418,0.63078,0.522667,0.539498,0.504437
2419,0.914799,0.434293,0.55739,0.494627
2420,0.394861,0.177349,0.525057,0.55039
2421,0.639522,0.659167,0.394117,0.503756
2422,0.44684,0.5722,0.73689,0.533885
2423,0.0856092,0.407572,0.438868,0.51662
2424,0.216772,0.353721,0.478994,0.457978
2425,0.778302,0.123283,0.643841,0.555269
2426,0.847323,0.275566,0.630372,0.508611
2427,0.798985,0.853134,0.589725,0.533351
2428,0.62743,0.504297,0.444909,0.492487
2429,0.938402,0.546285,0.499543,0.512444
2430,0.60987,0.161367,0.508999,0.527588
2431,0.863784,0.65238,0.459924,0.519676
2432,0.234699,0.83038,0.42961,0.505388
2433,0.784372,0.717658,0.507062,0.487848
2434,0.213012,0.729219,0.354848,0.56459
2435,0.527136,0.0489016,0.489247,0.521485
2436,0.283929,0.520806,0.514378,0.492135
2437,0.951538,0.272315,0.574417,0.50412
2438,0.410047,0.462818,0.489251,0.547709
2439,0.761955,0.657476,0.529892,0.490142
2440,0.969328,0.810119,0.606078,0.535552
2441,0.606577,0.322119,0.543083,0.532814
2442,0.872042,0.80658,0.583808,0.485108
2443,0.939922,0.99035,0.660006,0.492302
2444,0.637872,0.333279,0.536965,0.498831
2445,0.572969,0.397023,0.512117,0.496664
2446,0.733371,0.597636,0.358912,0.466682
2447,0.530347,0.365326,0.532681,0.51283
2448,0.801237,0.399339,0.461777,0.481476
2449,0.0750382,0.545836,0.503513,0.556174
2450,0.522794,0.454857,0.43393,0.491672
2451,0.122137,0.116307,0.397216,0.465327
2452,0.565675,0.498638,0.543287,0.494693
2453,0.289237,0.622724,0.5247,0.500567
2454,0.750821,0.562463,0.453155,0.512353
2455,0.312624,0.765382,0.441186,0.545375
2456,0.429413,0.575816,0.400162,0.504218
2457,0.831962,0.645975,0.463674,0.512736
2458,0.0279687,0.737549,0.348864,0.529262
2459,0.954588,0.287238,0.340111,0.518663
2460,0.325256,0.590462,0.578574,0.485323
2461,0.842436,0.42987,0.6197,0.504295
2462,0.592402,0.790839,0.438288,0.511866
2463,0.481508,0.539682,0.360835,0.55988
2464,0.90231,0.45699,0.528919,0.455702
2465,0.93922,0.415645,0.491076,0.494048
2466,0.519551,0.693001,0.568646,0.54072
2467,0.089756,0.774398,0.427107,0.496241
2468,0.100967,0.476589,0.410954,0.489063
2469,0.760334,0.408136,0.561912,0.522629
2470,0.56719,0.722324,0.469787,0.475891
2471,0.462607,0.492812,0.490829,0.496926
2472,0.491548,0.78029,0.567183,0.489606
2473,0.479186,0.592749,0.590533,0.536536
2474,0.879781,0.433206,0.455853,0.467229
2475,0.461054,0.574037,0.417082,0.52929
2476,0.187724,0.589587,0.510043,0.481942
2477,0.279868,0.782417,0.528707,0.482774
2478,0.844744,0.351191,0.507009,0.462932
2479,0.235351,0.0634449,0.529828,0.51443
2480,0.635642,0.828027,0.340899,0.491603
2481,0.652678,0.0332477,0.306789,0.504716
2482,0.875759,0.233981,0.693068,0.574239
2483,0.953041,0.447435,0.510174,0.466456
2484,0.599297,0.405042,0.497741,0.48982
2485,0.129767,0.465153,0.305749,0.481946
2486,0.315946,0.566349,0.569119,0.508935
2487,0.686274,0.51551,0.409848,0.506519
2488,0.249445,0.525513,0.516268,0.476945
2489,0.0360473,0.411917,0.591247,0.530767
2490,0.93434,0.269932,0.337321,0.440173
2491,0.815072,0.575789,0.645983,0.447203
2492,0.610368,0.401219,0.450435,0.538451
2493,0.515024,0.673424,0.283236,0.444053
2494,0.466588,0.558986,0.550291,0.507893
2495,0.913696,0.582769,0.474147,0.485212
2496,0.575904,0.562113,0.561035,0.455109
2497,0.755176,0.608177,0.440213,0.473147
2498,0.565425,0.675019,0.413274,0.518198
2499,0.793405,0.0822692,0.476622,0.468228
2500,0.279016,0.45727,0.534197,0.506426
2501,0.46038,0.231315,0.501079,0.541981
2502,0.524755,0.164249,0.570879,0.514599
2503,0.944199,0.391406,0.42195,0.47039
2504,0.450046,0.131076,0.488235,0.517927
2505,0.367326,0.704125,0.587823,0.493362
2506,0.775743,0.261829,0.448,0.519345
2507,0.78688,0.411866,0.406592,0.542832
2508,0.345962,0.455713,0.58187,0.53514
2509,0.421931,0.635045,0.554709,0.52592
2510,0.883283,0.718154,0.624847,0.461169
2511,0.120107,0.410976,0.524855,0.451151
2512,0.351001,0.255052,0.426863,0.499356
2513,0.212503,0.666428,0.487625,0.481379
2514,0.461729,0.510048,0.596315,0.578204
2515,0.0988781,0.172884,0.460958,0.488299
2516,0.0689614,0.288532,0.473316,0.574187
2517,0.765446,0.79043,0.511506,0.467046
2518,0.851309,0.850745,0.492304,0.484437
2519,0.653518,0.484885,0.576816,0.494357
2520,0.936203,0.660312,0.378764,0.531749
2521,0.904202,0.803252,0.642547,0.5066
2522,0.729054,0.336938,0.476699,0.500395
2523,0.063314,0.532261,0.587883,0.52653
2524,0.52537,0.524846,0.657406,0.499771
2525,0.336902,0.539235,0.50108,0.439818
2526,0.15416,0.601355,0.519642,0.441792
2527,0.516262,0.1673,0.571623,0.513777
2528,0.882789,0.783777,0.560887,0.575228
2529,0.475087,0.481958,0.443772,0.542709
2530,0.357868,0.689986,0.533944,0.533997
2531,0.965018,0.620155,0.621063,0.558303
2532,0.703026,0.181644,0.456703,0.487966
2533,0.915226,0.673033,0.53096,0.495008
2534,0.278581,0.831688,0.728306,0.468461
2535,0.946482,0.644228,0.508832,0.485928
2536,0.804569,0.243057,0.596891,0.523443
2537,0.476378,0.362811,0.554839,0.501109
2538,0.216795,0.154229,0.56577,0.505067
2539,0.75494,0.637518,0.622161,0.531714
2540,0.299165,0.847742,0.623132,0.49385
2541,0.839174,0.590222,0.542511,0.499536
2542,0.750494,0.127267,0.496877,0.51978
2543,0.401369,0.442238,0.411129,0.516369
2544,0.768784,0.470786,0.511948,0.450763
2545,0.0504186,0.0484678,0.328035,0.479093
2546,0.325198,0.544098,0.496718,0.53037
2547,0.078169,0.473676,0.592865,0.50049
2548,0.559232,0.844653,0.565249,0.55179
2549,0.539729,0.583841,0.360167,0.458051
2550,0.735267,0.217654,0.669683,0.457384
2551,0.77191,0.429099,0.393138,0.51282
2552,0.505265,0.710661,0.399406,0.472631
2553,0.654088,0.568582,0.465961,0.465259
2554,0.472238,0.351986,0.553758,0.448387
2555,0.587865,0.629186,0.690728,0.518022
2556,0.712045,0.166697,0.445098,0.501343
2557,0.0863543,0.454924,0.500373,0.495134
2558,0.965671,0.910663,0.378821,0.50878
2559,0.0993278,0.286399,0.553723,0.509201
2560,0.781422,0.193637,0.467832,0.502538
2561,0.706446,0.513342,0.341906,0.516136
2562,0.822701,0.453061,0.594108,0.512657
2563,0.410755,0.602554,0.502471,0.518153
2564,0.594873,0.626236,0.544965,0.48747
2565,0.169894,0.728092,0.594895,0.495871
2566,0.930443,0.625669,0.524978,0.505202
2567,0.894231,0.184962,0.370865,0.497273
2568,0.60988,0.558884,0.541821,0.505822
2569,0.967179,0.899334,0.468467,0.53434
2570,0.77358,0.618217,0.456879,0.479474
2571,0.959936,0.13766,0.522966,0.49385
2572,0.911604,0.438552,0.531696,0.502982
2573,0.196868,0.703173,0.346445,0.526499
2574,0.49662,0.325926,0.346119,0.493117
2575,0.458316,0.319702,0.660209,0.530269
2576,0.961439,0.455148,0.479741,0.542158
2577,0.923139,0.495626,0.654625,0.450043
2578,0.471875,0.664373,0.456246,0.474905
2579,0.0583027,0.84202,0.357658,0.530126
2580,0.229296,0.414442,0.498576,0.535355
2581,0.359348,0.408631,0.472841,0.485676
2582,0.69153,0.489667,0.411638,0.460244
2583,0.344787,0.761288,0.515438,0.535534
2584,0.474365,0.754297,0.486509,0.495383
2585,0.868458,0.857516,0.417259,0.513883
2586,0.863049,0.473708,0.304934,0.484106
2587,0.541001,0.174295,0.510693,0.527652
2588,0.293002,0.487221,0.54213,0.489255
2589,0.671581,0.229634,0.309211,0.500889
2590,0.235567,0.224611,0.613198,0.477377
2591,0.26749,0.757818,0.580632,0.450864
2592,0.281926,0.429904,0.439256,0.470983
2593,0.709419,0.209906,0.51388,0.560909
2594,0.911078,0.140712,0.552917,0.45885
2595,0.147868,0.662756,0.540575,0.498725
2596,0.525867,0.484416,0.53352,0.480357
2597,0.0289464,0.565626,0.426036,0.483372
2598,0.594612,0.220313,0.582076,0.562816
2599,0.380098,0.670447,0.511816,0.521873
2600,0.523392,0.39981,0.508647,0.488297
2601,0.808493,0.591801,0.539134,0.52151
2602,0.715007,0.658347,0.547295,0.487147
2603,0.596929,0.454657,0.559686,0.547371
2604,0.681124,0.36301,0.371596,0.525238
2605,0.346809,0.829285,0.384091,0.528848
2606,0.811186,0.447687,0.546397,0.496638
2607,0.895483,0.652722,0.466942,0.495387
2608,0.359629,0.502719,0.548419,0.516213
2609,0.402618,0.317973,0.478414,0.496721
2610,0.643408,0.331879,0.565443,0.461841
2611,0.247566,0.909798,0.523547,0.510519
2612,0.524699,0.560719,0.456962,0.47636
2613,0.776285,0.430787,0.385639,0.510297
2614,0.176178,0.354819,0.550278,0.48755
2615,0.501776,0.484139,0.520548,0.466523
2616,0.382734,0.774962,0.540583,0.487851
2617,0.289039,0.33334,0.537689,0.471683
2618,0.317125,0.511349,0.544585,0.592983
2619,0.717074,0.439796,0.50023,0.457386
2620,0.151769,0.174346,0.503794,0.550366
2621,0.87087,0.598339,0.594515,0.522861
2622,0.918195,0.273081,0.49045,0.475484
2623,0.955404,0.644227,0.531413,0.494751
2624,0.190049,0.814656,0.723545,0.551448
2625,0.567684,0.430152,0.369451,0.502449
2626,0.292177,0.760958,0.527066,0.521813
2627,0.206888,0.157893,0.529844,0.519289
2628,0.0777026,0.359875,0.408464,0.502141
2629,0.392356,0.967953,0.486002,0.479899
2630,0.515345,0.337371,0.384565,0.508616
2631,0.592767,0.764251,0.598517,0.466907
2632,0.586229,0.766589,0.495264,0.501361
2633,0.262307,0.567624,0.390466,0.457731
2634,0.628667,0.735998,0.461673,0.472076
2635,0.124857,0.642407,0.478579,0.462338
2636,0.593446,0.157546,0.4214,0.466289
2637,0.196398,0.332479,0.450703,0.453134
2638,0.974473,0.43915,0.568941,0.483923
2639,0.300997,0.519385,0.52268,0.492777
2640,0.382912,0.332246,0.473412,0.454863
2641,0.613292,0.678152,0.537777,0.488598
2642,0.178036,0.815302,0.54746,0.537452
2643,0.857486,0.730188,0.661299,0.520565
2644,0.037509,0.378762,0.420913,0.521936
2645,0.327554,0.771946,0.51488,0.428704
2646,0.475627,0.570804,0.532146,0.465877
2647,0.724614,0.32502,0.448251,0.47153
2648,0.083892,0.205494,0.509332,0.487069
2649,0.743228,0.863809,0.635205,0.545523
2650,0.379976,0.439536,0.477615,0.521764
2651,0.251186,0.744767,0.451204,0.507217
2652,0.611323,0.250244,0.365118,0.495925
2653,0.0805806,0.0942825,0.553016,0.554866
2654,0.144749,0.884702,0.424357,0.498334
2655,0.158682,0.376622,0.491289,0.504932
2656,0.874562,0.455524,0.392433,0.478111
2657,0.242074,0.781337,0.543379,0.463603
2658,0.631823,0.132982,0.537009,0.511667
2659,0.504125,0.927122,0.41465,0.537111
2660,0.151848,0.694485,0.500357,0.443764
2661,0.3492,0.597535,0.356648,0.455987
2662,0.395317,0.880134,0.341082,0.540155
2663,0.690433,0.123359,0.367672,0.485919
2664,0.277736,0.624758,0.446531,0.513338
2665,0.00193145,0.783386,0.442083,0.48317
2666,0.877197,0.838829,0.628163,0.479441
2667,0.750357,0.575302,0.403687,0.463084
2668,0.874916,0.434107,0.431948,0.486835
2669,0.0855283,0.62171,0.586769,0.531388
2670,0.269933,0.346206,0.263371,0.535566
2671,0.700131,0.691483,0.416619,0.498801
2672,0.593852,0.680509,0.609443,0.499088
2673,0.352135,0.528271,0.444512,0.484427
2674,0.957187,0.475317,0.446452,0.496503
2675,0.635481,0.5124,0.708469,0.514732
2676,0.514923,0.541344,0.415356,0.458641
2677,0.132795,0.69042,0.575427,0.526477
2678,0.515529,0.528581,0.545288,0.585705
2679,0.818277,0.574241,0.572158,0.479967
2680,0.811868,0.455293,0.502036,0.463263
2681,0.203602,0.290076,0.468817,0.491126
2682,0.476317,0.522421,0.596468,0.536228
2683,0.638169,0.490683,0.516163,0.467808
2684,0.511052,0.612465,0.603283,0.532062
2685,0.0709442,0.249536,0.655374,0.487549
2686,0.741152,0.45279,0.372968,0.458323
2687,0.860099,0.580867,0.467052,0.505665
2688,0.0580844,0.831751,0.532731,0.511673
2689,0.507049,0.595425,0.493054,0.529758
2690,0.457055,0.476119,0.537549,0.527605
2691,0.784475,0.502923,0.442571,0.547772
2692,0.927366,0.430528,0.286484,0.503812
2693,0.0291596,0.592075,0.484961,0.530512
2694,0.934989,0.426717,0.578198,0.498026
2695,0.119589,0.587999,0.460798,0.49608
2696,0.843417,0.674289,0.348339,0.477829
2697,0.862917,0.582818,0.595504,0.507065
2698,0.890577,0.159617,0.467597,0.549271
2699,0.731904,0.710309,0.497159,0.471176
2700,0.64369,0.788477,0.493467,0.53153
2701,0.671297,0.51559,0.298685,0.527721
2702,0.857543,0.459676,0.473053,0.529943
2703,0.704169,0.562618,0.465275,0.492549
2704,0.37557,0.380571,0.431933,0.485584
2705,0.591532,0.624917,0.633041,0.520163
2706,0.438007,0.658262,0.400362,0.486379
2707,0.96783,0.309544,0.511761,0.463691
2708,0.016313,0.578158,0.466598,0.503113
2709,0.749682,0.590357,0.452149,0.485991
2710,0.380605,0.175342,0.48071,0.505155
2711,0.327422,0.626432,0.598706,0.507483
2712,0.0208623,0.422159,0.663307,0.500739
2713,0.980242,0.27373,0.636066,0.479906
2714,0.995325,0.547205,0.562503,0.480785
2715,0.0718811,0.650059,0.407722,0.523775
2716,0.682158,0.309455,0.409434,0.50716
2717,0.749674,0.623689,0.543421,0.492793
2718,0.706881,0.260667,0.371149,0.516716
2719,0.151118,0.107357,0.530585,0.534132
2720,0.631362,0.864625,0.597418,0.489458
2721,0.769963,0.48316,0.399254,0.519578
2722,0.60662,0.608223,0.432806,0.527952
2723,0.634543,0.775532,0.695807,0.526091
2724,0.467182,0.407305,0.602506,0.437603
2725,0.211833,0.487732,0.581086,0.486506
2726,0.58291,0.582728,0.469056,0.510531
2727,0.879121,0.574581,0.587284,0.506071
2728,0.896317,0.603617,0.581051,0.498035
2729,0.226781,0.332912,0.623192,0.447368
2730,0.294362,0.38446,0.467048,0.481974
2731,0.504263,0.302185,0.497705,0.499001
2732,0.459355,0.942983,0.51206,0.494795
2733,0.320515,0.435136,0.532557,0.470543
2734,0.108092,0.320308,0.584831,0.525851
2735,0.354582,0.779425,0.470067,0.503879
2736,0.132736,0.424399,0.417788,0.520298
2737,0.364955,0.122294,0.412722,0.482517
2738,0.771833,0.699191,0.398071,0.493081
2739,0.552949,0.659619,0.447509,0.525554
2740,0.218704,0.389608,0.368658,0.519586
2741,0.287147,0.859014,0.624504,0.510042
2742,0.545419,0.296863,0.428196,0.525599
2743,0.398143,0.725052,0.594285,0.45917
2744,0.998343,0.488512,0.506215,0.535641
2745,0.0458624,0.221973,0.663627,0.521421
2746,0.711853,0.667032,0.471739,0.529946
2747,0.104809,0.708226,0.576081,0.497584
2748,0.821501,0.55044,0.569848,0.496095
2749,0.93339,0.660657,0.480524,0.483748
2750,0.65472,0.666355,0.597498,0.507224
2751,0.548715,0.263806,0.590526,0.513784
2752,0.49097,0.472289,0.61612,0.482392
2753,0.773153,0.466274,0.570031,0.451365
2754,0.267418,0.253403,0.375555,0.492106
2755,0.56608,0.610494,0.600731,0.477688
2756,0.972777,0.492115,0.56348,0.463142
2757,0.693864,0.470468,0.469472,0.482594
2758,0.496966,0.193295,0.596384,0.470233
2759,0.729722,0.17177,0.515579,0.504598
2760,0.291838,0.328044,0.532323,0.477951
2761,0.0375492,0.638152,0.560714,0.516014
2762,0.873859,0.590364,0.337764,0.525749
2763,0.623251,0.571809,0.537175,0.543987
2764,0.770984,0.123567,0.49557,0.503491
2765,0.0100429,0.424649,0.501135,0.510413
2766,0.398409,0.583163,0.513132,0.527028
2767,0.662518,0.575923,0.603043,0.542084
2768,0.0159926,0.50986,0.485567,0.488848
2769,0.0354581,0.743491,0.523298,0.498132
2770,0.00859538,0.534298,0.520927,0.539106
2771,0.644985,0.679634,0.620288,0.517743
2772,0.870695,0.494977,0.558979,0.504298
2773,0.776405,0.532172,0.544248,0.491103
2774,0.816094,0.659229,0.506513,0.469145
2775,0.0850394,0.410021,0.54048,0.523382
2776,0.251582,0.501983,0.604798,0.460584
2777,0.493763,0.790911,0.401032,0.451457
2778,0.543563,0.353257,0.504981,0.481664
2779,0.627993,0.558225,0.464665,0.504079
2780,0.763871,0.449689,0.456492,0.461355
2781,0.126852,0.373622,0.455078,0.500497
2782,0.21146,0.14664,0.475642,0.471457
2783,0.507536,0.251157,0.492041,0.468329
2784,0.400459,0.10893,0.564958,0.518855
2785,0.178845,0.687807,0.54771,0.495049
2786,0.596873,0.45914,0.450943,0.444351
2787,0.169727,0.419339,0.515552,0.491166
2788,0.68733,0.945612,0.494251,0.463965
2789,0.41388,0.45551,0.493142,0.520064
2790,0.716551,0.414482,0.449881,0.492374
2791,0.348617,0.43968,0.492504,0.509524
2792,0.27599,0.712519,0.369293,0.480439
2793,0.451109,0.632872,0.40203,0.459818
2794,0.374234,0.252198,0.457475,0.485861
2795,0.530812,0.327642,0.635257,0.533433
2796,0.263641,0.671234,0.548817,0.526481
2797,0.734929,0.500706,0.363865,0.513506
2798,0.367529,0.241365,0.518448,0.508541
2799,0.843607,0.81099,0.320716,0.465184
2800,0.169818,0.572096,0.495008,0.443807
2801,0.946987,0.529867,0.493465,0.478376
2802,0.387164,0.922722,0.368648,0.473199
2803,0.867716,0.612845,0.339646,0.489492
2804,0.394813,0.514972,0.603504,0.586761
2805,0.799807,0.287656,0.566274,0.506198
2806,0.982955,0.509931,0.527984,0.427998
2807,0.103595,0.668475,0.517453,0.506181
2808,0.667631,0.740373,0.445939,0.516163
2809,0.128585,0.466977,0.51752,0.475734
2810,0.64401,0.457097,0.562309,0.482558
2811,0.171254,0.348835,0.443884,0.515635
2812,0.152711,0.505153,0.526947,0.491033
2813,0.310011,0.858091,0.337121,0.481334
2814,0.379528,0.200518,0.509904,0.506257
2815,0.127348,0.802625,0.644734,0.50633
2816,0.874935,0.788331,0.29577,0.515406
2817,0.0368561,0.700568,0.519029,0.509797
2818,0.931247,0.122776,0.54458,0.529546
2819,0.339081,0.683391,0.596119,0.500917
2820,0.44729,0.521536,0.469229,0.518849
2821,0.335242,0.494947,0.471096,0.475553
2822,0.545694,0.644074,0.457982,0.535181
2823,0.429599,0.412189,0.490684,0.487632
2824,0.907091,0.278785,0.570153,0.482173
2825,0.117373,0.351741,0.597905,0.546988
2826,0.136557,0.35903,0.497085,0.475803
2827,0.140408,0.540314,0.47231,0.479981
2828,0.103308,0.387883,0.278218,0.541056
2829,0.424364,0.329289,0.460065,0.490715
2830,0.633791,0.709234,0.360196,0.485055
2831,0.248071,0.208968,0.506038,0.529845
2832,0.503828,0.299268,0.605948,0.488874
2833,0.458492,0.66857,0.502563,0.499775
2834,0.711632,0.277722,0.369604,0.531973
2835,0.598771,0.329122,0.374961,0.41496
2836,0.638307,0.388646,0.591141,0.537912
2837,0.377492,0.766998,0.432567,0.507409
2838,0.18412,0.438338,0.697441,0.485695
2839,0.027874,0.288647,0.515438,0.486415
2840,0.446728,0.861003,0.640621,0.509337
2841,0.189884,0.726478,0.602016,0.509237
2842,0.831655,0.380647,0.581959,0.495004
2843,0.523744,0.785713,0.623029,0.487931
2844,0.50926,0.311475,0.433711,0.493696
2845,0.732866,0.633082,0.488079,0.429678
2846,0.859563,0.612009,0.555347,0.552898
2847,0.05581,0.525854,0.478676,0.496439
2848,0.0890848,0.0918106,0.624709,0.474393
2849,0.135129,0.333705,0.528392,0.457252
2850,0.579892,0.627375,0.495006,0.500687
2851,0.565061,0.430691,0.539838,0.530555
2852,0.882389,0.300823,0.561526,0.468395
2853,0.0866119,0.513449,0.508828,0.499367
2854,0.147107,0.811739,0.553996,0.492028
2855,0.728378,0.302389,0.384115,0.485008
2856,0.750888,0.396915,0.315085,0.445461
2857,0.0952605,0.678371,0.457446,0.499271
2858,0.569793,0.639832,0.431722,0.530328
2859,0.242715,0.87033,0.440311,0.517699
2860,0.0802581,0.616503,0.405772,0.536244
2861,0.365453,0.731034,0.59523,0.502368
2862,0.972883,0.764789,0.483941,0.460973
2863,0.986154,0.303379,0.538489,0.491918
2864,0.987518,0.63268,0.496602,0.459911
2865,0.360864,0.398175,0.545404,0.470056
2866,0.81353,0.60723,0.575464,0.513416
2867,0.924157,0.278442,0.488427,0.456981
2868,0.772379,0.324685,0.537593,0.515135
2869,0.111862,0.225213,0.509292,0.527998
2870,0.980022,0.595549,0.445545,0.470213
2871,0.933521,0.41688,0.474364,0.441414
2872,0.809146,0.334423,0.594556,0.488688
2873,0.208513,0.773265,0.46623,0.471168
2874,0.35482,0.357277,0.543565,0.416108
2875,0.674795,0.885673,0.540284,0.466353
2876,0.700154,0.507384,0.342873,0.490128
2877,0.718142,0.310441,0.623625,0.466605
2878,0.333919,0.572353,0.422196,0.518167
2879,0.586561,0.448214,0.32856,0.52325
2880,0.80863,0.160532,0.48022,0.508422
2881,0.233062,0.637408,0.594248,0.520397
2882,0.205434,0.586966,0.630528,0.478347
2883,0.300595,0.166054,0.307717,0.496975
2884,0.264093,0.760082,0.601486,0.488498
2885,0.360326,0.872103,0.461976,0.509418
2886,0.347183,0.528563,0.376614,0.475494
2887,0.05324,0.411153,0.55185,0.558055
2888,0.849128,0.461211,0.536583,0.476943
2889,0.400485,0.372051,0.552771,0.499724
2890,0.45872,0.398564,0.53618,0.530357
2891,0.731643,0.64891,0.471932,0.508798
2892,0.650867,0.555747,0.492423,0.482989
2893,0.134786,0.514601,0.580464,0.528577
2894,0.956814,0.35163,0.443013,0.522456
2895,0.248862,0.583788,0.492293,0.497609
2896,0.468436,0.751274,0.44123,0.512858
2897,0.676675,0.492447,0.600205,0.479827
2898,0.0999882,0.563776,0.440229,0.502264
2899,0.163101,0.397504,0.44616,0.441431
2900,0.339855,0.487085,0.598563,0.514164
2901,0.58986,0.508706,0.477003,0.504169
2902,0.138868,0.273616,0.596493,0.478961
2903,0.486085,0.31775,0.551607,0.523313
2904,0.475482,0.362506,0.438193,0.536554
2905,0.995822,0.354528,0.550879,0.485534
2906,0.992577,0.341403,0.555783,0.498548
2907,0.0750958,0.184079,0.530863,0.473022
2908,0.803445,0.457449,0.362169,0.461947
2909,0.471773,0.59227,0.529678,0.479007
2910,0.711115,0.661572,0.514627,0.497319
2911,0.952614,0.765204,0.545982,0.503777
2912,0.345222,0.172187,0.510387,0.491714
2913,0.177666,0.405742,0.428605,0.548038
2914,0.789904,0.701158,0.490442,0.481989
2915,0.395622,0.254247,0.52454,0.475035
2916,0.00248481,0.574452,0.544571,0.480674
2917,0.0685838,0.260389,0.553095,0.52079
2918,0.651922,0.595962,0.404803,0.503279
2919,0.201026,0.738829,0.609806,0.545127
2920,0.961562,0.550484,0.529144,0.523158
2921,0.186157,0.172603,0.626789,0.446102
2922,0.107788,0.458634,0.464725,0.519756
2923,0.650654,0.811945,0.347746,0.550971
2924,0.877857,0.808888,0.370804,0.501206
2925,0.03784,0.638178,0.425027,0.505209
2926,0.0538337,0.240192,0.454479,0.45131
2927,0.324016,0.345767,0.462768,0.465268
2928,0.013794,0.540506,0.547169,0.558525
2929,0.842736,0.822234,0.599669,0.469873
2930,0.187828,0.603791,0.583634,0.467255
2931,0.963203,0.469469,0.507435,0.502226
2932,0.451284,0.415189,0.492343,0.467856
2933,0.04307,0.361303,0.473979,0.522436
2934,0.133045,0.844141,0.570086,0.475631
2935,0.474645,0.83733,0.417862,0.465999
2936,0.920378,0.780914,0.416095,0.478038
2937,0.765664,0.654717,0.635045,0.507347
2938,0.491582,0.507632,0.428285,0.433297
2939,0.21817,0.395371,0.573278,0.494442
2940,0.373071,0.168223,0.578407,0.517099
2941,0.901202,0.596495,0.531515,0.503375
2942,0.331217,0.68942,0.403939,0.478904
2943,0.815061,0.791997,0.639844,0.55456
2944,0.534775,0.302055,0.449653,0.508332
2945,0.902521,0.277591,0.459654,0.494922
2946,0.186797,0.219123,0.530616,0.493153
2947,0.602396,0.256294,0.45716,0.422861
2948,0.791595,0.654837,0.54864,0.47928
2949,0.257453,0.416267,0.541551,0.480932
2950,0.473803,0.373966,0.427065,0.576004
2951,0.838417,0.800058,0.470706,0.488791
2952,0.0813875,0.572705,0.418336,0.592995
2953,0.556204,0.483367,0.504119,0.459884
2954,0.320921,0.716729,0.715282,0.514
2955,0.059406,0.287084,0.281554,0.525353
2956,0.268983,0.667137,0.387346,0.553715
2957,0.0561763,0.699101,0.482022,0.485486
2958,0.189279,0.548373,0.589505,0.510753
2959,0.307613,0.244004,0.320785,0.457807
2960,0.775526,0.545589,0.451248,0.494253
2961,0.275465,0.495479,0.705168,0.524084
2962,0.623594,0.756285,0.538926,0.460249
2963,0.965902,0.436828,0.49204,0.526939
2964,0.129491,0.678111,0.631768,0.451837
2965,0.26562,0.0584029,0.592682,0.502634
2966,0.346447,0.0562477,0.518186,0.538942
2967,0.790756,0.569569,0.481143,0.54269
2968,0.39968,0.445937,0.535695,0.526895
2969,0.389219,0.767591,0.348642,0.444459
2970,0.338833,0.859282,0.528136,0.504214
2971,0.542171,0.52671,0.513729,0.499779
2972,0.101758,0.438755,0.604266,0.512226
2973,0.44149,0.510551,0.516012,0.535213
2974,0.132158,0.395692,0.636098,0.491471
2975,0.947099,0.618101,0.444886,0.499396
2976,0.739237,0.668439,0.644926,0.497284
2977,0.309552,0.915741,0.457532,0.507467
2978,0.259075,0.512969,0.513464,0.460523
2979,0.151112,0.718901,0.470921,0.477784
2980,0.40316,0.419509,0.460588,0.465596
2981,0.77868,0.174397,0.646548,0.49047
2982,0.569582,0.508883,0.545075,0.526887
2983,0.328528,0.141723,0.632135,0.468711
2984,0.224126,0.394038,0.589241,0.537011
2985,0.0115913,0.63231,0.405124,0.460908
2986,0.217247,0.806021,0.577991,0.5107
2987,0.7207,0.333944,0.383832,0.495116
2988,0.514151,0.62735,0.453774,0.537041
2989,0.302461,0.751605,0.447192,0.517199
2990,0.767367,0.621542,0.498086,0.463063
2991,0.510506,0.548524,0.695368,0.515744
2992,0.37877,0.409116,0.375568,0.532459
2993,0.319069,0.57536,0.384072,0.448001
2994,0.689523,0.500893,0.585017,0.447236
2995,0.0422569,0.167393,0.425762,0.503046
2996,0.802549,0.263526,0.56555,0.457034
2997,0.789904,0.369262,0.529345,0.476541
2998,0.992758,0.693937,0.495535,0.493245
2999,0.852701,0.725797,0.538906,0.484124
3000,0.75104,0.605709,0.475425,0.468283
3001,0.782626,0.746384,0.488026,0.535015
3002,0.870382,0.946279,0.420537,0.494514
3003,0.651989,0.44475,0.368616,0.499762
3004,0.88236,0.745473,0.634476,0.48191
3005,0.889239,0.573193,0.507011,0.504067
3006,0.776996,0.509924,0.573655,0.53215
3007,0.113362,0.465145,0.518343,0.50769
3008,0.871795,0.262472,0.441045,0.514498
3009,0.0336186,0.264079,0.363201,0.445133
3010,0.603101,0.760471,0.382279,0.486863
3011,0.395839,0.417013,0.364206,0.542896
3012,0.128822,0.800089,0.612371,0.508791
3013,0.719316,0.342481,0.623275,0.519649
3014,0.689045,0.520335,0.511695,0.523285
3015,0.502829,0.564013,0.492732,0.515159
3016,0.489941,0.452236,0.474268,0.493627
3017,0.52937,0.71126,0.563079,0.427647
3018,0.882773,0.368756,0.568145,0.442015
3019,0.607747,0.837442,0.503313,0.534677
3020,0.120983,0.644098,0.407962,0.519102
3021,0.983294,0.452699,0.510851,0.525563
3022,0.153923,0.771915,0.468154,0.449086
3023,0.560396,0.10404,0.584406,0.510868
3024,0.8338,0.79306,0.54267,0.516049
3025,0.576535,0.376556,0.590187,0.512995
3026,0.295451,0.755311,0.563013,0.471207
3027,0.0990356,0.173412,0.463995,0.484799
3028,0.945204,0.200843,0.528987,0.479065
3029,0.320119,0.347397,0.586677,0.482135
3030,0.744656,0.592804,0.46496,0.55101
3031,0.475063,0.707363,0.6583,0.45739
3032,0.967947,0.755801,0.652224,0.478406
3033,0.427434,0.232103,0.53471,0.500538
3034,0.715969,0.692424,0.493949,0.445118
3035,0.861673,0.395538,0.405179,0.486208
3036,0.267637,0.361453,0.611371,0.504789
3037,0.244332,0.384432,0.493812,0.464185
3038,0.742111,0.670454,0.472041,0.537105
3039,0.144565,0.247797,0.464722,0.463437
3040,0.445523,0.862307,0.425635,0.521678
3041,0.0899151,0.882923,0.520454,0.487401
3042,0.858519,0.23719,0.619956,0.487828
3043,0.530769,0.549493,0.481104,0.50423
3044,0.870768,0.481908,0.526399,0.493757
3045,0.589161,0.405733,0.392173,0.480398
3046,0.434678,0.247667,0.50336,0.48012
3047,0.378362,0.544619,0.296499,0.503152
3048,0.399392,0.854428,0.500352,0.412204
3049,0.274524,0.49326,0.444454,0.513098
3050,0.857994,0.438206,0.643497,0.488929
3051,0.231738,0.054259,0.546688,0.519542
3052,0.948805,0.616119,0.484181,0.493756
3053,0.869849,0.536162,0.462939,0.541684
3054,0.62004,0.377315,0.419055,0.509633
3055,0.199129,0.492432,0.3935,0.450531
3056,0.971384,0.285141,0.450068,0.500705
3057,0.62344,0.839635,0.547326,0.516063
3058,0.956657,0.472091,0.377119,0.476906
3059,0.45512,0.783812,0.693472,0.460716
3060,0.868728,0.418745,0.604043,0.464521
3061,0.423603,0.949115,0.529705,0.47347
3062,0.0739683,0.51614,0.536946,0.467187
3063,0.183603,0.381382,0.284537,0.515374
3064,0.547204,0.479184,0.648412,0.511016
3065,0.0238554,0.659952,0.577225,0.524629
3066,0.579607,0.332045,0.269591,0.504866
3067,0.0571572,0.477536,0.500266,0.532175
3068,0.328469,0.210053,0.599812,0.516554
3069,0.559477,0.543597,0.612789,0.500805
3070,0.366339,0.70287,0.590234,0.583861
3071,0.207465,0.837797,0.488709,0.494825
3072,0.645462,0.431672,0.533326,0.542028
3073,0.40418,0.362471,0.31105,0.496391
3074,0.604065,0.217964,0.392078,0.472659
3075,0.376779,0.387924,0.402207,0.498572
3076,0.880802,0.378733,0.330306,0.555819
3077,0.266007,0.559469,0.52134,0.504022
3078,0.332292,0.155733,0.626842,0.515178
3079,0.820278,0.866057,0.605236,0.527212
3080,0.502628,0.959264,0.495515,0.512984
3081,0.94464,0.428057,0.47233,0.476303
3082,0.461442,0.430004,0.605948,0.487413
3083,0.78974,0.312424,0.476432,0.456765
3084,0.641091,0.107144,0.692708,0.48224
3085,0.276334,0.11467,0.451198,0.466655
3086,0.746688,0.339297,0.429411,0.508744
3087,0.775314,0.398343,0.602929,0.522565
3088,0.401592,0.289578,0.504158,0.514055
3089,0.104567,0.483571,0.536007,0.475257
3090,0.857646,0.344817,0.579913,0.467458
3091,0.788222,0.769564,0.312127,0.461708
3092,0.65921,0.83711,0.68881,0.474114
3093,0.479997,0.480171,0.394725,0.456179
3094,0.302752,0.390404,0.643587,0.535441
3095,0.975452,0.559628,0.477398,0.476832
3096,0.609838,0.270574,0.49795,0.510801
3097,0.276843,0.543872,0.336088,0.557305
3098,0.356091,0.456009,0.495307,0.512615
3099,0.879311,0.567767,0.477219,0.502738
3100,0.910513,0.452928,0.371489,0.489812
3101,0.797567,0.615521,0.582129,0.552059
3102,0.861041,0.757823,0.635806,0.435509
3103,0.270131,0.531123,0.676199,0.494466
3104,0.424141,0.502804,0.409354,0.51286
3105,0.225723,0.314381,0.492966,0.525097
3106,0.839319,0.487765,0.574383,0.496741
3107,0.238298,0.378537,0.613534,0.51189
3108,0.14786,0.341877,0.581098,0.502329
3109,0.698711,0.0698248,0.462048,0.514514
3110,0.112574,0.500061,0.560388,0.526281
3111,0.14969,0.446107,0.599106,0.516751
3112,0.262015,0.443451,0.654815,0.553913
3113,0.747383,0.715708,0.452937,0.479491
3114,0.949168,0.742856,0.587601,0.496453
3115,0.132887,0.164021,0.486757,0.496039
3116,0.956327,0.801096,0.508818,0.45147
3117,0.54625,0.810042,0.592478,0.521283
3118,0.290246,0.400656,0.599347,0.498832
3119,0.43225,0.677907,0.662743,0.500826
3120,0.996027,0.402208,0.51351,0.52171
3121,0.213336,0.43638,0.483265,0.470729
3122,0.00186859,0.623662,0.542003,0.542869
3123,0.651913,0.422175,0.387074,0.499815
3124,0.264295,0.693306,0.576338,0.522696
3125,0.888214,0.370543,0.251397,0.538602
3126,0.365322,0.900074,0.54691,0.46626
3127,0.524619,0.180532,0.575848,0.497084
3128,0.795445,0.345141,0.53207,0.53364
3129,0.814973,0.339217,0.391906,0.474951
3130,0.583458,0.667127,0.623821,0.481209
3131,0.227292,0.701085,0.420889,0.476388
3132,0.289287,0.312413,0.598601,0.480833
3133,0.696859,0.424856,0.389703,0.526511
3134,0.28111,0.30822,0.444337,0.456787
3135,0.762526,0.218279,0.603451,0.51025
3136,0.620536,0.543765,0.532534,0.515064
3137,0.423262,0.441469,0.541785,0.50125
3138,0.0523883,0.461946,0.564606,0.406043
3139,0.830498,0.697266,0.453573,0.528393
3140,0.433958,0.603677,0.498673,0.551119
3141,0.368065,0.462601,0.637392,0.517501
3142,0.203582,0.351385,0.62923,0.470332
3143,0.696831,0.371385,0.405318,0.532084
3144,0.208203,0.85265,0.465656,0.524338
3145,0.0107866,0.458311,0.305315,0.460847
3146,0.510167,0.468617,0.421203,0.457961
3147,0.554904,0.491028,0.35769,0.501413
3148,0.997321,0.691667,0.571147,0.529226
3149,0.0464782,0.711619,0.437166,0.54143
3150,0.508985,0.822307,0.547099,0.497699
3151,0.991165,0.1306,0.415982,0.461356
3152,0.893509,0.769983,0.541521,0.550181
3153,0.55405,0.543887,0.455604,0.511409
3154,0.447374,0.540312,0.606054,0.4704
3155,0.562962,0.585301,0.490718,0.527586
3156,0.728343,0.602857,0.442845,0.486167
3157,0.531223,0.777345,0.517948,0.508541
3158,0.281211,0.441869,0.381575,0.496946
3159,0.832806,0.194317,0.590792,0.479347
3160,0.92998,0.431607,0.584276,0.47374
3161,0.242138,0.883548,0.6166,0.485901
3162,0.231376,0.844915,0.675353,0.483323
3163,0.0822195,0.40258,0.570778,0.557062
3164,0.223703,0.128292,0.556906,0.493169
3165,0.643955,0.178504,0.334052,0.576315
3166,0.456923,0.505795,0.393215,0.522031
3167,0.432407,0.257706,0.37437,0.516824
3168,0.102461,0.310119,0.59761,0.449466
3169,0.663572,0.685542,0.495197,0.506804
3170,0.873539,0.415851,0.578693,0.503431
3171,0.276788,0.757929,0.438455,0.490214
3172,0.95858,0.455357,0.508713,0.455845
3173,0.505487,0.54023,0.484064,0.494801
3174,0.434174,0.479557,0.615476,0.524242
3175,0.299532,0.634038,0.45494,0.531063
3176,0.369631,0.136757,0.592488,0.485579
3177,0.426358,0.389869,0.394106,0.512907
3178,0.0977347,0.711752,0.494946,0.508555
3179,0.400924,0.564274,0.487274,0.503626
3180,0.338955,0.506266,0.38943,0.536201
3181,0.669166,0.662757,0.386738,0.438985
3182,0.95048,0.419536,0.639998,0.487424
3183,0.52977,0.474215,0.450014,0.479182
3184,0.0291824,0.434846,0.51846,0.466666
3185,0.386949,0.0566172,0.455061,0.537304
3186,0.628408,0.842267,0.425192,0.546821
3187,0.658994,0.139495,0.414988,0.498066
3188,0.57604,0.35449,0.545297,0.475241
3189,0.498642,0.515852,0.529506,0.485634
3190,0.339068,0.938347,0.431954,0.523468
3191,0.32554,0.651258,0.525948,0.486674
3192,0.466978,0.549707,0.554725,0.457644
3193,0.322061,0.415553,0.507758,0.531645
3194,0.825471,0.519747,0.484616,0.479181
3195,0.651151,0.473094,0.392302,0.496793
3196,0.408031,0.148931,0.438148,0.518142
3197,0.554601,0.416182,0.418504,0.525998
3198,0.887216,0.397047,0.549802,0.465009
3199,0.396528,0.552322,0.485909,0.487696
3200,0.932404,0.180994,0.656974,0.520055
3201,0.472951,0.453345,0.500636,0.513051
3202,0.314755,0.323806,0.531393,0.48686
3203,0.176623,0.673528,0.365246,0.517718
3204,0.7315,0.659251,0.49496,0.468196
3205,0.0695222,0.226866,0.647249,0.484624
3206,0.948374,0.596834,0.702372,0.517726
3207,0.747003,0.57156,0.367837,0.536336
3208,0.975469,0.169557,0.620867,0.508372
3209,0.924991,0.184268,0.565461,0.516572
3210,0.0967693,0.518172,0.59166,0.493217
3211,0.496628,0.0555265,0.401894,0.533072
3212,0.0543617,0.364344,0.461618,0.49494
3213,0.841437,0.375454,0.264437,0.518466
3214,0.699962,0.457634,0.459821,0.485135
3215,0.65612,0.52296,0.37601,0.535729
3216,0.187072,0.161973,0.712872,0.495719
3217,0.256079,0.394807,0.718403,0.457424
3218,0.762945,0.436519,0.485781,0.492534
3219,0.926455,0.440065,0.363695,0.47542
3220,0.344442,0.93955,0.628371,0.476103
3221,0.0671487,0.818653,0.559568,0.519361
3222,0.991497,0.510879,0.543575,0.474203
3223,0.393618,0.493058,0.426843,0.464532
3224,0.702215,0.772033,0.533987,0.535114
3225,0.295617,0.672094,0.426109,0.53366
3226,0.907594,0.356371,0.332193,0.536156
3227,0.831381,0.727871,0.526179,0.468985
3228,0.3223,0.556793,0.471855,0.532217
3229,0.762301,0.289108,0.59842,0.49687
3230,0.592912,0.498561,0.553976,0.500618
3231,0.387167,0.329186,0.621601,0.537966
3232,0.556799,0.479521,0.421771,0.494083
3233,0.18149,0.420643,0.566031,0.531353
3234,0.595242,0.807481,0.401224,0.459431
3235,0.743633,0.170677,0.393372,0.530432
3236,0.53405,0.595416,0.660858,0.48698
3237,0.480159,0.241608,0.528647,0.467379
3238,0.330681,0.46054,0.552938,0.497975
3239,0.168937,0.509741,0.465732,0.523238
3240,0.431998,0.252752,0.460904,0.497194
3241,0.185696,0.341388,0.386085,0.490759
3242,0.827003,0.413439,0.612366,0.470824
3243,0.397701,0.502698,0.644732,0.523391
3244,0.639553,0.170097,0.500366,0.48564
3245,0.042904,0.373101,0.63908,0.419236
3246,0.0896072,0.406902,0.702529,0.475647
3247,0.477796,0.0686898,0.636532,0.486859
3248,0.576068,0.752396,0.562367,0.472786
3249,0.999974,0.491546,0.519445,0.433329
3250,0.346153,0.642602,0.314578,0.557577
3251,0.998888,0.708073,0.523015,0.506179
3252,0.263455,0.3158,0.640783,0.507926
3253,0.938697,0.42294,0.494576,0.52267
3254,0.460828,0.512,0.668953,0.545544
3255,0.379856,0.547358,0.557938,0.473998
3256,0.761803,0.470246,0.486166,0.50689
3257,0.330962,0.563376,0.536121,0.545866
3258,0.832027,0.246807,0.46028,0.580233
3259,0.995048,0.688326,0.415949,0.502317
3260,0.481141,0.728325,0.556524,0.501244
3261,0.914735,0.666812,0.581555,0.507061
3262,0.931873,0.731695,0.435052,0.518469
3263,0.193953,0.122283,0.673216,0.517679
3264,0.0187258,0.277636,0.522368,0.459046
3265,0.750162,0.414417,0.513694,0.519513
3266,0.552859,0.193633,0.579813,0.491336
3267,0.0140493,0.457162,0.504163,0.508606
3268,0.548812,0.64261,0.500572,0.514089
3269,0.110953,0.599839,0.687622,0.537116
3270,0.942311,0.835101,0.522982,0.536206
3271,0.36992,0.108732,0.613388,0.518295
3272,0.572425,0.604362,0.510077,0.541457
3273,0.777142,0.651335,0.585395,0.487663
3274,0.882174,0.550347,0.484215,0.571558
3275,0.459588,0.228185,0.542342,0.54568
3276,0.836473,0.23954,0.468898,0.508832
3277,0.831,0.261352,0.601983,0.543353
3278,0.868766,0.557026,0.512366,0.48598
3279,0.26639,0.46525,0.541251,0.481545
3280,0.929355,0.840005,0.363783,0.524624
3281,0.145149,0.714042,0.474495,0.478306
3282,0.729805,0.555021,0.470259,0.489498
3283,0.525527,0.374445,0.6101,0.481107
3284,0.0847501,0.905584,0.361,0.527277
3285,0.736553,0.485904,0.561633,0.481233
3286,0.0558289,0.417129,0.447787,0.499388
3287,0.0111646,0.22537,0.507881,0.515584
3288,0.363733,0.545671,0.391412,0.549324
3289,0.106488,0.426248,0.449734,0.472708
3290,0.897619,0.512617,0.472808,0.499359
3291,0.0940488,0.226951,0.613607,0.525266
3292,0.0810635,0.72822,0.400165,0.511575
3293,0.877999,0.572072,0.281551,0.467174
3294,0.374602,0.716656,0.363079,0.498341
3295,0.301019,0.458438,0.490539,0.455807
3296,0.194063,0.68527,0.528206,0.546532
3297,0.480726,0.373195,0.437322,0.523753
3298,0.641503,0.181215,0.405613,0.503668
3299,0.125459,0.542612,0.538525,0.515394
3300,0.637765,0.29365,0.579389,0.507332
3301,0.538966,0.442692,0.595472,0.468595
3302,0.468373,0.313455,0.408487,0.516082
3303,0.109154,0.912245,0.487926,0.478366
3304,0.180139,0.331508,0.375427,0.513581
3305,0.932005,0.236803,0.400811,0.473653
3306,0.305141,0.465885,0.552794,0.496184
3307,0.727574,0.710324,0.449354,0.523337
3308,0.354498,0.161954,0.426242,0.484938
3309,0.374122,0.327126,0.297018,0.489039
3310,0.835125,0.490838,0.450349,0.561751
3311,0.817313,0.415956,0.530791,0.501158
3312,0.127274,0.172912,0.422718,0.496587
3313,0.682407,0.363008,0.350923,0.502168
3314,0.787622,0.515054,0.419325,0.453105
3315,0.110201,0.377216,0.599808,0.497699
3316,0.0591255,0.328374,0.632318,0.459388
3317,0.759138,0.82827,0.609333,0.49832
3318,0.199357,0.575671,0.521536,0.52249
3319,0.275924,0.422631,0.522876,0.473684
3320,0.352841,0.144262,0.4478,0.455889
3321,0.526573,0.855617,0.473201,0.49286
3322,0.815872,0.716548,0.519943,0.478659
3323,0.0852778,0.665326,0.563372,0.541261
3324,0.0461694,0.538056,0.570232,0.468059
3325,0.648654,0.443979,0.624554,0.481574
3326,0.240872,0.425932,0.534502,0.507504
3327,0.719455,0.746358,0.559275,0.574849
3328,0.0510664,0.623908,0.627021,0.482954
3329,0.608433,0.385507,0.362132,0.506333
3330,0.514414,0.617871,0.381992,0.524109
3331,0.66586,0.512307,0.612732,0.519662
3332,0.268848,0.505143,0.423483,0.53015
3333,0.55252,0.194648,0.64283,0.499975
3334,0.675991,0.497839,0.327375,0.474013
3335,0.325496,0.599863,0.47626,0.5104
3336,0.785402,0.387559,0.555124,0.483937
3337,0.954136,0.673552,0.526168,0.515792
3338,0.598924,0.447568,0.558814,0.567211
3339,0.647172,0.407981,0.471298,0.527517
3340,0.490372,0.395716,0.581851,0.5207
3341,0.492582,0.465728,0.603791,0.509779
3342,0.926811,0.417443,0.397116,0.505439
3343,0.504903,0.464194,0.668697,0.469384
3344,0.343627,0.879206,0.562444,0.506795
3345,0.225955,0.250181,0.478856,0.481679
3346,0.666551,0.691925,0.496379,0.472097
3347,0.820548,0.411893,0.629562,0.473299
3348,0.0622956,0.367688,0.607327,0.486306
3349,0.991689,0.505954,0.441726,0.485304
3350,0.166942,0.321486,0.382367,0.467705
3351,0.746677,0.622887,0.468182,0.461648
3352,0.00922235,0.855938,0.43258,0.475563
3353,0.570161,0.614,0.657071,0.518557
3354,0.514947,0.0835574,0.566955,0.507533
3355,0.676166,0.825276,0.563575,0.504459
3356,0.472309,0.519309,0.452923,0.488907
3357,0.273581,0.229117,0.508953,0.535297
3358,0.397299,0.197119,0.392211,0.489931
3359,0.0150804,0.36879,0.30708,0.496065
3360,0.93339,0.58452,0.463441,0.517148
3361,0.777556,0.306455,0.608115,0.528785
3362,0.193428,0.385796,0.579701,0.514494
3363,0.0930398,0.254107,0.412353,0.459418
3364,0.0909819,0.781591,0.519065,0.478202
3365,0.916756,0.54925,0.500183,0.481125
3366,0.383358,0.539952,0.335643,0.491326
3367,0.307804,0.442495,0.500654,0.481823
3368,0.735479,0.513666,0.379409,0.582674
3369,0.258541,0.68902,0.363252,0.503976
3370,0.573693,0.509141,0.599167,0.541924
3371,0.59482,0.538256,0.66556,0.593226
3372,0.646573,0.598497,0.459589,0.542486
3373,0.207377,0.936103,0.373942,0.549043
3374,0.775431,0.864723,0.490163,0.546528
3375,0.0328574,0.187144,0.561526,0.53277
3376,0.71541,0.217069,0.492194,0.54717
3377,0.555338,0.353956,0.465997,0.476604
3378,0.623992,0.773361,0.548779,0.492557
3379,0.267546,0.634952,0.482336,0.448847
3380,0.869123,0.672384,0.501736,0.521915
3381,0.375725,0.709837,0.305401,0.517789
3382,0.536312,0.442744,0.456486,0.527098
3383,0.34814,0.705099,0.517743,0.557481
3384,0.130078,0.398306,0.522814,0.498086
3385,0.272142,0.61919,0.449286,0.560551
3386,0.27963,0.531203,0.547467,0.518627
3387,0.39054,0.533138,0.706675,0.496146
3388,0.469668,0.610739,0.421856,0.517439
3389,0.777662,0.300881,0.51825,0.526583
3390,0.915847,0.605107,0.579961,0.477371
3391,0.53153,0.977809,0.53772,0.445329
3392,0.866544,0.869876,0.536967,0.444853
3393,0.399723,0.452421,0.656421,0.540774
3394,0.824169,0.396979,0.523711,0.550254
3395,0.224253,0.638505,0.464293,0.525874
3396,0.157515,0.493876,0.420898,0.482826
3397,0.897017,0.282947,0.531524,0.507571
3398,0.639728,0.540489,0.277878,0.488316
3399,0.810603,0.460938,0.572413,0.451547
3400,0.538204,0.664664,0.510913,0.468409
3401,0.0441689,0.439057,0.476468,0.508708
3402,0.0296916,0.475668,0.372362,0.517289
3403,0.228901,0.307322,0.620456,0.546037
3404,0.748128,0.691837,0.471093,0.50647
3405,0.796767,0.444205,0.620579,0.510629
3406,0.720045,0.731218,0.395449,0.523521
3407,0.87997,0.0926332,0.507068,0.511886
3408,0.535994,0.809277,0.734819,0.491355
3409,0.540183,0.553157,0.415569,0.501385
3410,0.950946,0.765514,0.565666,0.518336
3411,0.255353,0.320447,0.54776,0.533247
3412,0.576289,0.69233,0.457589,0.563842
3413,0.336332,0.993677,0.429693,0.467363
3414,0.347855,0.511143,0.421832,0.496922
3415,0.570513,0.453575,0.571929,0.470164
3416,0.885003,0.284747,0.375373,0.526097
3417,0.837549,0.510056,0.551409,0.458693
3418,0.22721,0.309419,0.501075,0.468672
3419,0.954791,0.577162,0.597396,0.501763
3420,0.4038,0.260152,0.616124,0.530699
3421,0.09926,0.706911,0.587045,0.495033
3422,0.693278,0.69365,0.43116,0.522308
3423,0.808646,0.493238,0.493342,0.509607
3424,0.887787,0.321227,0.559312,0.470062
3425,0.895072,0.373891,0.618864,0.474592
3426,0.0171677,0.197812,0.364436,0.45172
3427,0.796224,0.151802,0.486966,0.498127
3428,0.798111,0.432113,0.470198,0.501377
3429,0.540034,0.39706,0.461116,0.500057
3430,0.116347,0.308052,0.472141,0.510165
3431,0.115053,0.287574,0.473695,0.471609
3432,0.478987,0.419348,0.604346,0.473802
3433,0.599514,0.362779,0.550624,0.50449
3434,0.276093,0.677989,0.508332,0.456735
3435,0.66106,0.594385,0.512436,0.499423
3436,0.557855,0.160095,0.698517,0.445692
3437,0.36067,0.554498,0.660829,0.51464
3438,0.282086,0.197382,0.513377,0.507838
3439,0.441186,0.219109,0.470686,0.493121
3440,0.971737,0.36207,0.413828,0.549502
3441,0.447753,0.438921,0.547383,0.442437
3442,0.981115,0.402266,0.59137,0.478299
3443,0.00146354,0.469755,0.461356,0.518364
3444,0.173395,0.348447,0.415842,0.502224
3445,0.567259,0.330134,0.520024,0.488976
3446,0.976017,0.570511,0.360155,0.524488
3447,0.128116,0.771225,0.403417,0.496603
3448,0.444706,0.476884,0.466326,0.504139
3449,0.888569,0.29046,0.477972,0.56814
3450,0.119319,0.749656,0.595348,0.481212
3451,0.00435673,0.618029,0.548996,0.528557
3452,0.535086,0.590542,0.627719,0.524952
3453,0.0335204,0.244651,0.520161,0.485398
3454,0.0315343,0.566308,0.592044,0.512785
3455,0.19619,0.304176,0.54489,0.494064
3456,0.399465,0.529363,0.471133,0.493251
3457,0.816208,0.706409,0.410554,0.555261
3458,0.774929,0.183085,0.333315,0.527321
3459,0.0954567,0.482419,0.618592,0.518465
3460,0.139073,0.592883,0.521902,0.514438
3461,0.712924,0.58788,0.493401,0.549739
3462,0.708321,0.477436,0.429233,0.484744
3463,0.0352426,0.731189,0.367445,0.469429
3464,0.511252,0.875126,0.525569,0.568002
3465,0.241035,0.115557,0.451844,0.488838
3466,0.485801,0.756548,0.382625,0.458815
3467,0.44785,0.588767,0.641411,0.562725
3468,0.890051,0.583775,0.486641,0.493981
3469,0.892861,0.42958,0.411516,0.529076
3470,0.101211,0.496209,0.41915,0.499575
3471,0.863962,0.438743,0.389782,0.481097
3472,0.302036,0.3684,0.499798,0.509937
3473,0.633315,0.704719,0.522038,0.511076
3474,0.185933,0.663904,0.623184,0.535452
3475,0.92717,0.374443,0.521895,0.524643
3476,0.262511,0.437128,0.498323,0.485362
3477,0.0738238,0.494929,0.504356,0.473939
3478,0.711639,0.684778,0.543467,0.506894
3479,0.0633276,0.595946,0.431185,0.499204
3480,0.383171,0.0214211,0.589686,0.474546
3481,0.844361,0.551306,0.418952,0.491179
3482,0.509691,0.623405,0.632198,0.51119
3483,0.110517,0.552504,0.457652,0.503859
3484,0.0566396,0.300598,0.398334,0.498047
3485,0.183481,0.365041,0.364877,0.476984
3486,0.179057,0.336764,0.679217,0.489112
3487,0.662862,0.67367,0.410627,0.489789
3488,0.545773,0.530052,0.418123,0.526481
3489,0.854982,0.599654,0.425653,0.516278
3490,0.00493171,0.919346,0.582785,0.538643
3491,0.658854,0.560316,0.623614,0.478302
3492,0.272106,0.70084,0.581314,0.44991
3493,0.90001,0.544878,0.486012,0.538995
3494,0.347418,0.487294,0.506332,0.562282
3495,0.869782,0.544917,0.535454,0.460698
3496,0.420319,0.527053,0.430034,0.495967
3497,0.884379,0.580121,0.59161,0.53693
3498,0.886182,0.574606,0.514954,0.517735
3499,0.40268,0.380115,0.444204,0.509738
3500,0.722608,0.407227,0.544366,0.456769
3501,0.860995,0.397933,0.437967,0.467057
3502,0.332085,0.543244,0.637505,0.485149
3503,0.57995,0.463653,0.606396,0.481713
3504,0.682815,0.295553,0.61616,0.537699
3505,0.613326,0.114487,0.768231,0.51207
3506,0.355533,0.405173,0.493522,0.457943
3507,0.0183458,0.132257,0.586881,0.457354
3508,0.926153,0.269031,0.499067,0.452244
3509,0.473635,0.279123,0.532783,0.488561
3510,0.0552297,0.845325,0.454865,0.511638
3511,0.295844,0.520129,0.42264,0.464069
3512,0.853258,0.671361,0.615545,0.4702
3513,0.433697,0.770711,0.605375,0.514695
3514,0.227869,0.610094,0.638629,0.451426
3515,0.127497,0.330203,0.654977,0.543983
3516,0.530651,0.799598,0.625541,0.478664
3517,0.918994,0.404324,0.436299,0.498688
3518,0.833046,0.438516,0.471573,0.522445
3519,0.800634,0.346498,0.602795,0.462157
3520,0.61297,0.483848,0.48649,0.445376
3521,0.732078,0.724639,0.416259,0.440974
3522,0.618565,0.577643,0.610617,0.487365
3523,0.0446566,0.549554,0.477248,0.464731
3524,0.0715173,0.464689,0.450125,0.493967
3525,0.757445,0.577055,0.375927,0.517872
3526,0.0258159,0.417168,0.495006,0.476916
3527,0.29872,0.397311,0.244555,0.512885
3528,0.260721,0.631228,0.500599,0.514663
3529,0.248424,0.455796,0.493921,0.541872
3530,0.785739,0.740824,0.552141,0.465761
3531,0.228074,0.501741,0.486127,0.487928
3532,0.207579,0.440718,0.555572,0.508764
3533,0.294433,0.349796,0.555939,0.489673
3534,0.502116,0.425958,0.651815,0.476817
3535,0.53198,0.0552545,0.427917,0.47581
3536,0.433451,0.757145,0.604359,0.519958
3537,0.52142,0.548899,0.51321,0.487808
3538,0.865654,0.592701,0.636444,0.46194
3539,0.756535,0.61624,0.646159,0.513464
3540,0.743703,0.54225,0.58502,0.461944
3541,0.555123,0.529521,0.430234,0.538392
3542,0.721179,0.737708,0.643732,0.539102
3543,0.617246,0.613286,0.523862,0.52982
3544,0.535736,0.491594,0.507578,0.514167
3545,0.340401,0.192297,0.678035,0.513241
3546,0.198844,0.874355,0.541854,0.480955
3547,0.859894,0.223494,0.538659,0.493756
3548,0.723158,0.576666,0.478341,0.492432
3549,0.343465,0.643983,0.595847,0.509659
3550,0.602656,0.793946,0.436588,0.485236
3551,0.0243964,0.360083,0.602395,0.509802
3552,0.453019,0.340273,0.597803,0.547972
3553,0.96941,0.359044,0.57441,0.5495
3554,0.216007,0.475635,0.368635,0.464079
3555,0.673688,0.293968,0.528152,0.547716
3556,0.659853,0.567548,0.381808,0.458901
3557,0.425649,0.567403,0.458738,0.466146
3558,0.0307785,0.683902,0.343598,0.550113
3559,0.225762,0.546534,0.440924,0.499378
3560,0.066956,0.552575,0.444725,0.51613
3561,0.692134,0.42586,0.465583,0.520593
3562,0.436722,0.241217,0.335419,0.527504
3563,0.968254,0.927075,0.530687,0.47827
3564,0.580171,0.0968893,0.399364,0.508511
3565,0.379885,0.461164,0.486673,0.544451
3566,0.830115,0.252503,0.547575,0.464062
3567,0.0963664,0.436738,0.615932,0.483467
3568,0.847139,0.669496,0.548393,0.488303
3569,0.947219,0.129752,0.616339,0.488109
3570,0.0304892,0.651804,0.438559,0.556378
3571,0.620355,0.896972,0.573649,0.50913
3572,0.956266,0.449858,0.506125,0.489898
3573,0.0938862,0.517204,0.502314,0.518107
3574,0.352904,0.367757,0.415314,0.476913
3575,0.130875,0.447811,0.317983,0.557049
3576,0.361758,0.448866,0.499924,0.4462
3577,0.981615,0.281616,0.459352,0.48775
3578,0.598634,0.752671,0.4288,0.485251
3579,0.0503991,0.55052,0.481228,0.486667
3580,0.837269,0.304412,0.322093,0.494919
3581,0.268398,0.198805,0.482878,0.505577
3582,0.43313,0.342761,0.490988,0.473568
3583,0.966918,0.558533,0.562088,0.514222
3584,0.930671,0.486381,0.463215,0.480452
3585,0.545336,0.550663,0.51722,0.471443
3586,0.357034,0.229087,0.555805,0.488974
3587,0.740915,0.715975,0.539223,0.507887
3588,0.521974,0.891674,0.44639,0.537829
3589,0.599563,0.755506,0.42105,0.501015
3590,0.390275,0.597428,0.513991,0.48597
3591,0.565812,0.217682,0.472521,0.49424
3592,0.837682,0.596997,0.55104,0.517433
3593,0.684219,0.403026,0.669621,0.505363
3594,0.733672,0.680492,0.652123,0.506074
3595,0.282023,0.519257,0.587407,0.485708
3596,0.966177,0.361574,0.57968,0.509821
3597,0.564866,0.245911,0.465073,0.489454
3598,0.00589818,0.359845,0.490255,0.496864
3599,0.700524,0.408669,0.603188,0.488912
3600,0.524692,0.392374,0.558721,0.557908
3601,0.157951,0.422481,0.505793,0.495635
3602,0.541463,0.422658,0.674306,0.52959
3603,0.157217,0.117937,0.557204,0.43782
3604,0.77996,0.521826,0.41478,0.461051
3605,0.926849,0.634185,0.494259,0.517006
3606,0.94894,0.0470478,0.554667,0.476179
3607,0.137034,0.827863,0.511685,0.528388
3608,0.0087669,0.986118,0.433436,0.476132
3609,0.418865,0.260696,0.628343,0.549864
3610,0.345802,0.549397,0.489972,0.518319
3611,0.687852,0.351343,0.416941,0.45564
3612,0.144807,0.676944,0.352814,0.511504
3613,0.195758,0.733066,0.399421,0.540567
3614,0.990868,0.429812,0.595796,0.521354
3615,0.0691136,0.309801,0.437232,0.520014
3616,0.393987,0.379686,0.597063,0.499741
3617,0.432686,0.858982,0.575131,0.534059
3618,0.417773,0.512727,0.495703,0.484398
3619,0.197322,0.668498,0.506514,0.504985
3620,0.267565,0.477575,0.504598,0.526281
3621,0.356711,0.84825,0.626005,0.470415
3622,0.529535,0.275929,0.572747,0.458383
3623,0.97782,0.683227,0.339655,0.467597
3624,0.793344,0.327901,0.405284,0.487484
3625,0.905619,0.853051,0.701818,0.510936
3626,0.747911,0.632751,0.471745,0.471114
3627,0.535968,0.433842,0.437783,0.520251
3628,0.0878516,0.499004,0.464284,0.530077
3629,0.168959,0.436041,0.50101,0.513002
3630,0.430828,0.381267,0.537534,0.500842
3631,0.13589,0.167711,0.438687,0.48607
3632,0.231782,0.354122,0.51555,0.463569
3633,0.702879,0.716802,0.618379,0.516953
3634,0.991952,0.225855,0.625606,0.547803
3635,0.625348,0.324012,0.406592,0.499056
3636,0.867651,0.701315,0.494669,0.519882
3637,0.284231,0.418185,0.503027,0.500145
3638,0.999959,0.237753,0.584984,0.489599
3639,0.463486,0.221368,0.549822,0.539209
3640,0.169852,0.581203,0.451317,0.564125
3641,0.401949,0.720709,0.498722,0.491891
3642,0.928909,0.442156,0.647708,0.586668
3643,0.63559,0.517219,0.406801,0.474443
3644,0.0164092,0.482259,0.440857,0.554119
3645,0.308144,0.504841,0.448045,0.494732
3646,0.00943831,0.552283,0.585749,0.46642
3647,0.365631,0.925975,0.44503,0.515721
3648,0.168291,0.665481,0.38984,0.492988
3649,0.0195926,0.674885,0.483298,0.45614
3650,0.0333894,0.93049,0.298351,0.489302
3651,0.802094,0.240025,0.556287,0.52691
3652,0.0420879,0.717486,0.491376,0.500662
3653,0.743079,0.458669,0.551926,0.521958
3654,0.13854,0.420373,0.416617,0.450099
3655,0.542944,0.546583,0.573663,0.511649
3656,0.907242,0.367107,0.665624,0.490734
3657,0.984791,0.19647,0.470378,0.487319
3658,0.0979614,0.601578,0.466369,0.488707
3659,0.717971,0.474635,0.53936,0.488681
3660,0.868218,0.49138,0.43313,0.505412
3661,0.5029,0.190062,0.39375,0.459019
3662,0.919288,0.673247,0.485906,0.474265
3663,0.56617,0.32848,0.460908,0.504725
3664,0.279614,0.66115,0.671499,0.502624
3665,0.400546,0.385471,0.542476,0.499202
3666,0.487942,0.537328,0.585891,0.535517
3667,0.20614,0.743089,0.539607,0.487789
3668,0.919118,0.655349,0.498971,0.497308
3669,0.37933,0.905544,0.5425,0.455085
3670,0.336735,0.756863,0.460297,0.491447
3671,0.241275,0.395155,0.65817,0.478949
3672,0.596526,0.289974,0.454123,0.467812
3673,0.545635,0.812766,0.500131,0.502386
3674,0.569903,0.496607,0.468792,0.49515
3675,0.580122,0.372996,0.381694,0.479708
3676,0.350047,0.409002,0.68396,0.534865
3677,0.466776,0.738443,0.422851,0.46731
3678,0.59652,0.466261,0.433091,0.468457
3679,0.465743,0.786691,0.651816,0.495318
3680,0.0735722,0.778513,0.440548,0.493915
3681,0.413148,0.618477,0.476094,0.527497
3682,0.126714,0.495134,0.50644,0.505548
3683,0.245114,0.0127823,0.520177,0.51941
3684,0.586168,0.283228,0.508784,0.483589
3685,0.116803,0.372915,0.484091,0.477501
3686,0.250455,0.948425,0.63243,0.503635
3687,0.38802,0.228807,0.643727,0.537304
3688,0.710036,0.68012,0.497346,0.487747
3689,0.865812,0.288456,0.578715,0.518165
3690,0.155904,0.589496,0.615483,0.513159
3691,0.171036,0.902656,0.507931,0.476893
3692,0.933815,0.212823,0.7361,0.502771
3693,0.495466,0.629482,0.499509,0.488005
3694,0.861101,0.101718,0.551659,0.506953
3695,0.230885,0.648518,0.399141,0.487316
3696,0.429038,0.691809,0.41363,0.46474
3697,0.708832,0.321178,0.46411,0.502393
3698,0.344622,0.772652,0.448504,0.517755
3699,0.786797,0.520807,0.546302,0.54439
3700,0.439663,0.319856,0.497945,0.514449
3701,0.25612,0.812248,0.561827,0.464274
3702,0.689043,0.839789,0.492549,0.529433
3703,0.125855,0.253211,0.6143,0.513054
3704,0.914955,0.773754,0.414139,0.4763
3705,0.639165,0.516845,0.562482,0.507357
3706,0.723448,0.790594,0.561461,0.494687
3707,0.300109,0.212633,0.563654,0.523586
3708,0.397997,0.0876025,0.569676,0.536509
3709,0.217291,0.824985,0.553588,0.515463
3710,0.501791,0.65268,0.445744,0.488848
3711,0.729562,0.665673,0.488458,0.540311
3712,0.965309,0.529049,0.448414,0.516049
3713,0.625862,0.515036,0.484745,0.494076
3714,0.522803,0.717221,0.525913,0.446102
3715,0.339775,0.274043,0.488492,0.486383
3716,0.943416,0.28844,0.528267,0.496104
3717,0.249668,0.645346,0.459632,0.523333
3718,0.530997,0.487731,0.491355,0.524079
3719,0.254357,0.658413,0.39181,0.481442
3720,0.367686,0.345789,0.466926,0.522644
3721,0.809297,0.476798,0.411363,0.524794
3722,0.08968,0.776799,0.495161,0.500654
3723,0.147431,0.198218,0.377869,0.492862
3724,0.0158809,0.337703,0.360118,0.508833
3725,0.828183,0.203438,0.452128,0.503633
3726,0.844878,0.187692,0.586234,0.511032
3727,0.844239,0.456392,0.502962,0.496351
3728,0.318106,0.674639,0.584864,0.528578
3729,0.477821,0.451562,0.516144,0.467338
3730,0.868918,0.680723,0.479483,0.50419
3731,0.313305,0.408429,0.431344,0.535271
3732,0.647148,0.679086,0.435885,0.483288
3733,0.894652,0.543082,0.416878,0.543047
3734,0.95549,0.56333,0.513044,0.528441
3735,0.963535,0.378063,0.546581,0.455555
3736,0.215615,0.311172,0.34914,0.521058
3737,0.0885815,0.488827,0.403442,0.517094
3738,0.912194,0.147663,0.456769,0.471861
3739,0.255658,0.787851,0.465256,0.497021
3740,0.99224,0.365792,0.447175,0.499847
3741,0.803355,0.351063,0.402894,0.508679
3742,0.345742,0.642635,0.699851,0.582379
3743,0.639554,0.26039,0.493889,0.462471
3744,0.298745,0.673309,0.463998,0.492821
3745,0.644939,0.449093,0.438082,0.47869
3746,0.14944,0.303492,0.540938,0.505093
3747,0.286101,0.180554,0.341633,0.510817
3748,0.816695,0.685185,0.502303,0.516758
3749,0.186424,0.521748,0.565554,0.51599
3750,0.778738,0.728584,0.37754,0.593762
3751,0.0118261,0.164317,0.395716,0.454795
3752,0.032834,0.31033,0.395469,0.49743
3753,0.026124,0.238017,0.523018,0.515834
3754,0.741322,0.809761,0.451626,0.464789
3755,0.183129,0.276143,0.540578,0.510227
3756,0.249975,0.483334,0.305642,0.525823
3757,0.577838,0.381441,0.636883,0.524969
3758,0.742307,0.612269,0.425956,0.503587
3759,0.689297,0.782924,0.499825,0.462452
3760,0.413056,0.750991,0.564764,0.485334
3761,0.0854829,0.832346,0.430599,0.499197
3762,0.227956,0.346808,0.474709,0.455143
3763,0.713711,0.903823,0.434504,0.484131
3764,0.527484,0.27941,0.497455,0.494188
3765,0.574282,0.528917,0.49483,0.513254
3766,0.184298,0.128028,0.468276,0.516134
3767,0.903231,0.775286,0.461298,0.482268
3768,0.416391,0.794384,0.555517,0.523672
3769,0.49186,0.485677,0.519027,0.448629
3770,0.897976,0.479961,0.274337,0.510385
3771,0.49793,0.249906,0.567125,0.553652
3772,0.168303,0.318489,0.408417,0.527954
3773,0.188086,0.455571,0.516662,0.488813
3774,0.809443,0.202074,0.506697,0.490809
3775,0.367377,0.924851,0.48676,0.517186
3776,0.716596,0.468272,0.499657,0.484545
3777,0.384363,0.396633,0.466427,0.467389
3778,0.823574,0.464598,0.513243,0.499756
3779,0.004184,0.876086,0.359638,0.50634
3780,0.572816,0.39493,0.485418,0.497576
3781,0.861915,0.690675,0.389886,0.533701
3782,0.636347,0.135955,0.651124,0.498802
3783,0.118282,0.57191,0.460276,0.480466
3784,0.469618,0.625734,0.471528,0.433183
3785,0.943977,0.891591,0.430698,0.482488
3786,0.341127,0.198217,0.559181,0.493979
3787,0.292582,0.654092,0.561065,0.482509
3788,0.374037,0.587054,0.372524,0.524193
3789,0.366815,0.67425,0.517408,0.484319
3790,0.253385,0.581016,0.57614,0.51117
3791,0.40747,0.195537,0.580776,0.513017
3792,0.482739,0.522023,0.409698,0.499153
3793,0.956168,0.818607,0.594099,0.476653
3794,0.403477,0.804972,0.601438,0.499463
3795,0.391711,0.345586,0.529257,0.483824
3796,0.0385427,0.477482,0.483393,0.580293
3797,0.494699,0.892108,0.491882,0.462515
3798,0.265007,0.499887,0.450125,0.450445
3799,0.953537,0.821133,0.397908,0.494613
3800,0.399113,0.20966,0.500781,0.530481
3801,0.346855,0.368731,0.477328,0.433814
3802,0.188957,0.740503,0.572478,0.514446
3803,0.899058,0.544482,0.473579,0.554341
3804,0.187538,0.492061,0.578708,0.477295
3805,0.0832919,0.514635,0.527531,0.445743
3806,0.785231,0.875869,0.513996,0.528332
3807,0.536024,0.605514,0.465224,0.54744
3808,0.66019,0.210866,0.399402,0.492271
3809,0.519801,0.435421,0.508599,0.481441
3810,0.623697,0.332217,0.465837,0.53424
3811,0.537928,0.562121,0.409855,0.439407
3812,0.895677,0.173905,0.564586,0.516891
3813,0.476013,0.362918,0.525952,0.413446
3814,0.512775,0.520907,0.545622,0.507535
3815,0.0242783,0.502248,0.436661,0.473056
3816,0.951927,0.672542,0.623294,0.48813
3817,0.106698,0.392321,0.509033,0.509434
3818,0.0577691,0.322524,0.362518,0.49074
3819,0.98379,0.57403,0.472651,0.447948
3820,0.824884,0.51767,0.355253,0.482174
3821,0.0212321,0.982874,0.415751,0.530704
3822,0.912576,0.547719,0.729572,0.506197
3823,0.483324,0.335734,0.414298,0.481519
3824,0.596486,0.0800713,0.552372,0.514421
3825,0.461911,0.314163,0.50644,0.446712
3826,0.232175,0.259878,0.424202,0.504276
3827,0.290559,0.460281,0.499522,0.478858
3828,0.462517,0.422788,0.495603,0.488805
3829,0.654773,0.440031,0.644083,0.539097
3830,0.331129,0.411476,0.660435,0.498933
3831,0.985105,0.913293,0.412407,0.484066
3832,0.919529,0.602351,0.575448,0.524086
3833,0.892061,0.185122,0.415366,0.503028
3834,0.882706,0.48482,0.482688,0.423928
3835,0.702382,0.759718,0.546394,0.502322
3836,0.957835,0.882963,0.516623,0.525723
3837,0.986516,0.154676,0.411503,0.508653
3838,0.488349,0.391257,0.54157,0.498902
3839,0.177285,0.980326,0.534838,0.53842
3840,0.00405748,0.261526,0.568116,0.468511
3841,0.206311,0.0334557,0.422042,0.444945
3842,0.848153,0.485545,0.451095,0.475304
3843,0.529111,0.521645,0.512739,0.522106
3844,0.0878368,0.212832,0.499,0.419061
3845,0.626373,0.179098,0.629768,0.483653
3846,0.716366,0.471379,0.599695,0.510806
3847,0.523111,0.374373,0.56982,0.508432
3848,0.435097,0.367001,0.650169,0.482592
3849,0.706451,0.70081,0.488675,0.501335
3850,0.384343,0.549893,0.403408,0.512846
3851,0.0936912,0.576807,0.549789,0.504967
3852,0.733143,0.421288,0.647568,0.482206
3853,0.736897,0.275694,0.545553,0.478951
3854,0.555918,0.797518,0.519367,0.47521
3855,0.424689,0.659696,0.48828,0.477416
3856,0.645404,0.5244,0.360746,0.479926
3857,0.206553,0.0990867,0.442282,0.525128
3858,0.531981,0.41797,0.515087,0.516612
3859,0.527277,0.362803,0.594519,0.528511
3860,0.906711,0.774564,0.431602,0.519131
3861,0.98921,0.486732,0.611296,0.542414
3862,0.873732,0.722397,0.309964,0.500022
3863,0.178336,0.324773,0.488833,0.517228
3864,0.290717,0.52623,0.404287,0.491734
3865,0.0801848,0.327325,0.539063,0.454507
3866,0.845217,0.541979,0.428523,0.491504
3867,0.392988,0.427353,0.616693,0.508979
3868,0.852777,0.650751,0.52331,0.517346
3869,0.225899,0.593597,0.397685,0.502946
3870,0.529515,0.420656,0.451386,0.565437
3871,0.884515,0.300884,0.464595,0.502745
3872,0.713945,0.552125,0.460156,0.484842
3873,0.678872,0.415546,0.596089,0.528073
3874,0.559389,0.587157,0.503229,0.489872
3875,0.76176,0.0960865,0.38577,0.515594
3876,0.0205292,0.471032,0.569214,0.521048
3877,0.198995,0.445383,0.430565,0.522508
3878,0.798917,0.642352,0.523278,0.494141
3879,0.0461647,0.110757,0.374037,0.564107
3880,0.00103373,0.35259,0.4137,0.470804
3881,0.748704,0.232071,0.457843,0.474989
3882,0.360352,0.460095,0.531754,0.496363
3883,0.443862,0.529868,0.459024,0.498261
3884,0.816624,0.30151,0.456446,0.484249
3885,0.753077,0.593711,0.598352,0.48442
3886,0.249061,0.889408,0.406199,0.489024
3887,0.63809,0.382009,0.380109,0.486699
3888,0.387118,0.461321,0.556318,0.499905
3889,0.692668,0.735348,0.415972,0.472454
3890,0.314284,0.428017,0.348391,0.466901
3891,0.597191,0.509875,0.36175,0.480579
3892,0.952773,0.653089,0.48836,0.467907
3893,0.763023,0.50271,0.514282,0.519161
3894,0.565966,0.63914,0.451707,0.536109
3895,0.916386,0.760903,0.478891,0.551528
3896,0.83993,0.477209,0.516957,0.500573
3897,0.684526,0.270828,0.526346,0.489302
3898,0.225856,0.294978,0.528845,0.491609
3899,0.888572,0.276998,0.47496,0.520247
3900,0.929229,0.565468,0.461169,0.504269
3901,0.012852,0.810093,0.531152,0.522775
3902,0.948431,0.703857,0.651975,0.4909
3903,0.160717,0.437725,0.471078,0.486316
3904,0.528276,0.578287,0.527323,0.486386
3905,0.735718,0.508012,0.568337,0.485926
3906,0.714147,0.12825,0.575126,0.464479
3907,0.776833,0.115364,0.665499,0.494147
3908,0.73211,0.744909,0.435666,0.505887
3909,0.0166011,0.697331,0.594437,0.5619
3910,0.110671,0.405378,0.4981,0.481804
3911,0.903572,0.545873,0.436622,0.480255
3912,0.576784,0.675924,0.487904,0.549614
3913,0.850016,0.382266,0.566977,0.467097
3914,0.629628,0.180547,0.40103,0.520553
3915,0.316531,0.608091,0.388064,0.535511
3916,0.17213,0.834012,0.425468,0.49596
3917,0.534076,0.383924,0.48301,0.533347
3918,0.676243,0.458121,0.499907,0.524739
3919,0.999484,0.122515,0.354885,0.523053
3920,0.0139495,0.988692,0.591781,0.511951
3921,0.371311,0.550576,0.449485,0.525712
3922,0.082083,0.431045,0.479646,0.474358
3923,0.148765,0.606657,0.458109,0.535744
3924,0.454366,0.325353,0.575509,0.520901
3925,0.223816,0.592825,0.624911,0.515062
3926,0.798521,0.794299,0.448599,0.498548
3927,0.123486,0.119471,0.469697,0.501543
3928,0.138884,0.311426,0.378005,0.509792
3929,0.538177,0.389927,0.533369,0.521861
3930,0.308261,0.070516,0.485443,0.501279
3931,0.0506022,0.443537,0.539179,0.523637
3932,0.543365,0.189408,0.581897,0.545215
3933,0.502544,0.541089,0.388941,0.509203
3934,0.208225,0.529595,0.537231,0.531253
3935,0.96194,0.62874,0.430742,0.494803
3936,0.663044,0.876073,0.426215,0.503157
3937,0.104488,0.461516,0.544156,0.453025
3938,0.879586,0.283253,0.559567,0.506579
3939,0.557216,0.781066,0.607722,0.479852
3940,0.674947,0.470803,0.606573,0.47302
3941,0.244826,0.591859,0.441111,0.496983
3942,0.566243,0.357497,0.512571,0.542708
3943,0.470192,0.537887,0.54972,0.471345
3944,0.926541,0.447033,0.568958,0.454052
3945,0.668639,0.633556,0.636534,0.487652
3946,0.334193,0.330769,0.44809,0.47466
3947,0.750904,0.227745,0.352987,0.484722
3948,0.965699,0.415491,0.467558,0.529748
3949,0.458625,0.660824,0.618267,0.508818
3950,0.990208,0.375377,0.31548,0.529634
3951,0.120316,0.756286,0.591768,0.509655
3952,0.244524,0.164789,0.588066,0.511808
3953,0.0745724,0.699951,0.543497,0.525701
3954,0.214087,0.219635,0.409025,0.454225
3955,0.32876,0.466492,0.539117,0.512571
3956,0.483266,0.625103,0.537918,0.451781
3957,0.511878,0.302324,0.509493,0.462249
3958,0.92603,0.685179,0.375586,0.494514
3959,0.0485689,0.453978,0.579659,0.44595
3960,0.00748216,0.647716,0.576251,0.569625
3961,0.906033,0.351647,0.603867,0.506229
3962,0.697163,0.138141,0.455029,0.492878
3963,0.515807,0.627645,0.401101,0.53589
3964,0.365137,0.293255,0.563921,0.531012
3965,0.862197,0.6073,0.449167,0.523988
3966,0.15084,0.576487,0.359575,0.550283
3967,0.435989,0.430708,0.520319,0.510743
3968,0.540148,0.483036,0.384947,0.498295
3969,0.691189,0.252008,0.419326,0.533425
3970,0.535345,0.87382,0.494811,0.527736
3971,0.283035,0.502758,0.465773,0.497907
3972,0.610741,0.262222,0.615201,0.505508
3973,0.556216,0.627334,0.413849,0.561368
3974,0.621491,0.68952,0.43104,0.518222
3975,0.316895,0.783479,0.370249,0.478401
3976,0.91708,0.484015,0.644263,0.519778
3977,0.96794,0.23709,0.667895,0.548962
3978,0.844054,0.576215,0.45735,0.486563
3979,0.659805,0.433574,0.583565,0.512189
3980,0.0212941,0.446993,0.307096,0.556706
3981,0.0170906,0.496022,0.478424,0.492365
3982,0.123051,0.77052,0.463407,0.536933
3983,0.308878,0.466726,0.338444,0.531586
3984,0.938828,0.461554,0.43075,0.525037
3985,0.830945,0.306216,0.351575,0.549914
3986,0.434741,0.506603,0.52912,0.456904
3987,0.697698,0.823774,0.426276,0.493126
3988,0.423916,0.607263,0.587661,0.527773
3989,0.828092,0.750997,0.625244,0.492265
3990,0.224403,0.471765,0.456081,0.485737
3991,0.494215,0.640017,0.38247,0.485092
3992,0.290972,0.254448,0.373542,0.487237
3993,0.98961,0.587788,0.681629,0.467887
3994,0.841156,0.318767,0.505614,0.488685
3995,0.847964,0.209438,0.750633,0.491251
3996,0.791173,0.50659,0.559198,0.546971
3997,0.347202,0.566919,0.513263,0.518989
3998,0.913351,0.613352,0.637501,0.51631
3999,0.856442,0.373963,0.485346,0.471273
4000,0.539159,0.383658,0.429254,0.523163
4001,0.711972,0.85981,0.305783,0.516445
4002,0.961545,0.442193,0.454569,0.498688
4003,0.157279,0.687407,0.546946,0.502558
4004,0.154292,0.181452,0.406511,0.514119
4005,0.0520454,0.691791,0.502465,0.507939
4006,0.46132,0.413692,0.597437,0.451838
4007,0.28716,0.835787,0.507959,0.48189
4008,0.0566455,0.442063,0.620891,0.492401
4009,0.312621,0.474114,0.457408,0.490293
4010,0.322942,0.791483,0.509351,0.463311
4011,0.76662,0.73901,0.486716,0.491084
4012,0.307921,0.35161,0.53141,0.517419
4013,0.516491,0.335995,0.492138,0.481185
4014,0.558016,0.410519,0.474416,0.523445
4015,0.226992,0.501795,0.493717,0.478878
4016,0.236695,0.202212,0.325841,0.495549
4017,0.0635083,0.17782,0.757501,0.541091
4018,0.370202,0.803052,0.557093,0.458954
4019,0.715643,0.599932,0.652558,0.499224
4020,0.216399,0.436724,0.445343,0.482176
4021,0.859654,0.59546,0.669866,0.474694
4022,0.559102,0.134069,0.532785,0.49911
4023,0.490908,0.244787,0.559235,0.539185
4024,0.410546,0.42074,0.512878,0.55948
4025,0.564683,0.845097,0.426101,0.471202
4026,0.891399,0.702572,0.557252,0.56737
4027,0.0100138,0.315247,0.578351,0.470372
4028,0.756122,0.702787,0.449391,0.482118
4029,0.385034,0.197426,0.481348,0.471206
4030,0.805225,0.558904,0.497493,0.470764
4031,0.751984,0.320182,0.436824,0.476483
4032,0.772528,0.439162,0.567958,0.459331
4033,0.707717,0.526814,0.460512,0.498041
4034,0.712726,0.933939,0.62234,0.496284
4035,0.301733,0.481936,0.547041,0.533656
4036,0.965698,0.745533,0.333181,0.498286
4037,0.941939,0.439276,0.519477,0.495291
4038,0.398426,0.450725,0.473284,0.460723
4039,0.518988,0.325474,0.341621,0.455228
4040,0.307263,0.426872,0.5134,0.453677
4041,0.397765,0.495199,0.513547,0.438134
4042,0.129982,0.832899,0.613689,0.493531
4043,0.362568,0.419504,0.488084,0.470669
4044,0.325189,0.826561,0.551636,0.54964
4045,0.293323,0.647963,0.39436,0.510994
4046,0.562217,0.439347,0.558575,0.519084
4047,0.241996,0.633364,0.618227,0.510175
4048,0.219732,0.483276,0.614939,0.541031
4049,0.17092,0.605179,0.655712,0.511395
4050,0.190238,0.405794,0.551208,0.505966
4051,0.798289,0.622554,0.58601,0.519296
4052,0.747859,0.511515,0.39081,0.463769
4053,0.463606,0.319558,0.48426,0.491411
4054,0.76435,0.488858,0.47289,0.479178
4055,0.416598,0.599718,0.57872,0.507134
4056,0.687376,0.312056,0.485923,0.472533
4057,0.751731,0.813563,0.531108,0.482512
4058,0.896259,0.476268,0.607163,0.462337
4059,0.156472,0.337509,0.35614,0.499838
4060,0.942427,0.61827,0.711421,0.485321
4061,0.666998,0.805529,0.480715,0.483435
4062,0.146517,0.900815,0.650324,0.55864
4063,0.231058,0.523294,0.475993,0.488397
4064,0.884235,0.301691,0.537822,0.49742
4065,0.441437,0.591809,0.417548,0.527783
4066,0.677724,0.490069,0.550128,0.502297
4067,0.723227,0.468906,0.363033,0.433837
4068,0.590988,0.66662,0.360997,0.553951
4069,0.981317,0.494316,0.429378,0.519799
4070,0.482974,0.576213,0.510085,0.48914
4071,0.412128,0.384927,0.36334,0.438924
4072,0.170496,0.0924133,0.491028,0.554581
4073,0.010686,0.237607,0.477204,0.492098
4074,0.0573006,0.420472,0.526332,0.461707
4075,0.884273,0.258989,0.551739,0.436138
4076,0.387307,0.829634,0.57296,0.482847
4077,0.434208,0.393884,0.631383,0.494488
4078,0.880307,0.47674,0.398774,0.518259
4079,0.474048,0.319682,0.473293,0.43703
4080,0.0966852,0.580912,0.349777,0.515226
4081,0.491223,0.73507,0.434872,0.542209
4082,0.336078,0.494157,0.511732,0.487319
4083,0.943366,0.297622,0.431486,0.545887
4084,0.392357,0.820349,0.523234,0.513083
4085,0.60818,0.352896,0.508359,0.476462
4086,0.733284,0.0657491,0.607649,0.472495
4087,0.561587,0.0762306,0.405725,0.465986
4088,0.44009,0.310165,0.55988,0.478403
4089,0.919196,0.832838,0.546711,0.518829
4090,0.331886,0.859745,0.439228,0.511941
4091,0.746165,0.907799,0.595961,0.462315
4092,0.388544,0.70615,0.492393,0.51828
4093,0.24777,0.365221,0.447452,0.490551
4094,0.0669998,0.974165,0.501718,0.440826
4095,0.501816,0.393523,0.447244,0.510576
4096,0.871867,0.812873,0.507774,0.472836
4097,0.678484,0.903936,0.523106,0.521474
4098,0.725481,0.848522,0.601531,0.454116
4099,0.350194,0.315315,0.483873,0.516332
4100,0.951203,0.326712,0.483629,0.51827
4101,0.66664,0.484507,0.531031,0.483304
4102,0.323218,0.726418,0.456084,0.483744
4103,0.540608,0.775573,0.650985,0.455331
4104,0.046636,0.723089,0.584257,0.53525
4105,0.625597,0.420766,0.545098,0.52643
4106,0.403578,0.62923,0.551295,0.484341
4107,0.31165,0.249464,0.378004,0.529078
4108,0.805516,0.300018,0.574233,0.489676
4109,0.00434138,0.832584,0.619022,0.50545
4110,0.889075,0.576322,0.478584,0.513139
4111,0.53874,0.570987,0.487883,0.53882
4112,0.912238,0.841692,0.526124,0.487102
4113,0.648463,0.523142,0.464566,0.499565
4114,0.334192,0.33616,0.366213,0.462801
4115,0.927356,0.734884,0.510509,0.453773
4116,0.699165,0.534537,0.630568,0.535547
4117,0.571959,0.517493,0.49009,0.501564
4118,0.219038,0.342686,0.706333,0.443863
4119,0.138722,0.564619,0.537582,0.501002
4120,0.855677,0.337484,0.663748,0.458315
4121,0.719555,0.676783,0.604174,0.512172
4122,0.968735,0.152096,0.517865,0.501587
4123,0.975275,0.822968,0.586738,0.517334
4124,0.495595,0.224242,0.2939,0.555393
4125,0.65276,0.48397,0.461178,0.501422
4126,0.26624,0.0992517,0.497399,0.448307
4127,0.587396,0.964548,0.419144,0.488347
4128,0.932139,0.886752,0.5425,0.558372
4129,0.84958,0.314262,0.573845,0.469384
4130,0.936799,0.355032,0.47921,0.547305
4131,0.139548,0.37453,0.459403,0.473401
4132,0.479905,0.486757,0.446773,0.491204
4133,0.188478,0.901237,0.393196,0.496434
4134,0.117053,0.663426,0.397407,0.450759
4135,0.510592,0.218322,0.568759,0.53404
4136,0.867332,0.800261,0.45076,0.53181
4137,0.631086,0.119887,0.496317,0.45716
4138,0.883529,0.489926,0.426708,0.527981
4139,0.386112,0.243704,0.579408,0.50856
4140,0.968964,0.613502,0.59696,0.464227
4141,0.783766,0.15,0.453918,0.458465
4142,0.212989,0.543113,0.644487,0.498795
4143,0.985026,0.518222,0.453704,0.488286
4144,0.779252,0.557711,0.57708,0.466894
4145,0.282121,0.264556,0.485117,0.445188
4146,0.696009,0.604064,0.539135,0.501112
4147,0.0725213,0.32634,0.519253,0.428709
4148,0.229496,0.834288,0.468381,0.471518
4149,0.400843,0.302564,0.447455,0.487238
4150,0.346768,0.340786,0.484552,0.484439
4151,0.738896,0.656054,0.568784,0.496353
4152,0.633837,0.665796,0.533951,0.462966
4153,0.258206,0.416137,0.544071,0.469522
4154,0.0740141,0.387005,0.466274,0.497695
4155,0.530695,0.424423,0.509375,0.542684
4156,0.432456,0.557451,0.565699,0.550503
4157,0.993285,0.697027,0.532913,0.516438
4158,0.734603,0.578786,0.502509,0.528248
4159,0.236503,0.563792,0.593592,0.54966
4160,0.329853,0.377099,0.425424,0.513683
4161,0.596652,0.245484,0.458241,0.490115
4162,0.422024,0.58337,0.436731,0.470044
4163,0.253861,0.241339,0.347403,0.525387
4164,0.909125,0.23014,0.281671,0.47398
4165,0.142385,0.788525,0.343173,0.537539
4166,0.894511,0.499689,0.433574,0.485022
4167,0.763534,0.427142,0.49588,0.507885
4168,0.00166038,0.553155,0.400714,0.500066
4169,0.190408,0.41769,0.421977,0.494868
4170,0.373328,0.199122,0.495247,0.529134
4171,0.649076,0.561094,0.534763,0.49285
4172,0.324011,0.272045,0.44366,0.507239
4173,0.511448,0.417557,0.377968,0.48427
4174,0.800674,0.610409,0.602483,0.530221
4175,0.428462,0.684894,0.448418,0.507707
4176,0.634442,0.826087,0.425729,0.489015
4177,0.159357,0.702751,0.400535,0.503176
4178,0.903576,0.299299,0.605946,0.52024
4179,0.584247,0.277861,0.56465,0.486799
4180,0.541675,0.469374,0.448064,0.513176
4181,0.622837,0.467425,0.383747,0.479556
4182,0.836614,0.0785625,0.446956,0.501721
4183,0.231868,0.52772,0.383726,0.456446
4184,0.404772,0.709337,0.719344,0.499662
4185,0.39516,0.359317,0.447511,0.468405
4186,0.950077,0.597525,0.629057,0.463551
4187,0.663701,0.930519,0.529892,0.466444
4188,0.939284,0.774533,0.30876,0.470512
4189,0.0895567,0.0898654,0.546068,0.500674
4190,0.435199,0.554462,0.4154,0.491942
4191,0.0293058,0.685837,0.443103,0.436565
4192,0.290292,0.429097,0.341054,0.471639
4193,0.20148,0.339756,0.501102,0.500085
4194,0.724676,0.564951,0.474772,0.509441
4195,0.308868,0.760132,0.538766,0.470401
4196,0.703755,0.640532,0.448011,0.484425
4197,0.997587,0.75999,0.408578,0.497259
4198,0.971191,0.0819348,0.487385,0.500909
4199,0.324657,0.845746,0.583392,0.519584
4200,0.435625,0.494137,0.581497,0.446077
4201,0.734587,0.134266,0.458014,0.493075
4202,0.491968,0.438645,0.358943,0.49604
4203,0.300793,0.546593,0.721365,0.511753
4204,0.251981,0.827734,0.385613,0.458152
4205,0.637167,0.378668,0.595876,0.500723
4206,0.462322,0.476035,0.449069,0.52122
4207,0.379756,0.462043,0.68699,0.515681
4208,0.517494,0.392833,0.497181,0.501852
4209,0.670064,0.216333,0.474582,0.482297
4210,0.48115,0.786766,0.731458,0.459712
4211,0.458694,0.0939304,0.578625,0.404487
4212,0.324739,0.554172,0.534416,0.498303
4213,0.220641,0.472522,0.455879,0.532524
4214,0.937599,0.885526,0.564311,0.51141
4215,0.112396,0.531069,0.677588,0.477872
4216,0.920401,0.302267,0.445592,0.476328
4217,0.179557,0.571336,0.570484,0.478095
4218,0.808754,0.690219,0.61922,0.547019
4219,0.583929,0.722085,0.470693,0.529633
4220,0.529487,0.419233,0.487696,0.46588
4221,0.601478,0.748742,0.550561,0.472672
4222,0.946769,0.722893,0.515805,0.474643
4223,0.678644,0.0689588,0.576208,0.467319
4224,0.915053,0.315399,0.516703,0.501555
4225,0.897165,0.684641,0.511195,0.528643
4226,0.811008,0.127831,0.421726,0.489724
4227,0.691272,0.486202,0.460791,0.474627
4228,0.144368,0.214123,0.486192,0.479184
4229,0.323487,0.343945,0.412239,0.498716
4230,0.612624,0.23445,0.549182,0.50513
4231,0.496736,0.587418,0.539106,0.498992
4232,0.225101,0.438366,0.521751,0.483601
4233,0.0883307,0.635061,0.421096,0.492267
4234,0.0185552,0.304425,0.518366,0.482339
4235,0.879487,0.0828107,0.525323,0.469569
4236,0.845341,0.0411035,0.479966,0.494034
4237,0.581225,0.563354,0.545834,0.519402
4238,0.868051,0.697975,0.536599,0.515171
4239,0.768634,0.786345,0.301153,0.534553
4240,0.373608,0.4811,0.489981,0.514422
4241,0.704741,0.584091,0.429968,0.443915
4242,0.152731,0.438514,0.592631,0.48472
4243,0.960763,0.0155081,0.610456,0.479183
4244,0.680487,0.59709,0.452599,0.520925
4245,0.862059,0.238588,0.595848,0.516082
4246,0.0724647,0.575156,0.384948,0.511146
4247,0.291675,0.483199,0.405326,0.471977
4248,0.0190256,0.460505,0.338926,0.482386
4249,0.416982,0.470849,0.481343,0.536447
4250,0.981614,0.428681,0.549541,0.470143
4251,0.173674,0.58107,0.559955,0.439483
4252,0.0901233,0.535801,0.552564,0.467986
4253,0.167254,0.539382,0.510059,0.468852
4254,0.0675003,0.410937,0.347382,0.457268
4255,0.526551,0.474791,0.530988,0.509112
4256,0.121317,0.756565,0.623593,0.47929
4257,0.0623957,0.617186,0.532002,0.468804
4258,0.645511,0.845065,0.398658,0.482299
4259,0.946869,0.600175,0.558602,0.483261
4260,0.0584814,0.506234,0.478972,0.532802
4261,0.773972,0.156612,0.220218,0.523325
4262,0.909579,0.361743,0.555491,0.531403
4263,0.499202,0.577953,0.340658,0.460997
4264,0.222217,0.507828,0.434825,0.498417
4265,0.228762,0.716982,0.447659,0.499533
4266,0.14555,0.844697,0.496187,0.502595
4267,0.760801,0.555227,0.530012,0.518689
4268,0.582324,0.773838,0.396228,0.51539
4269,0.501963,0.730998,0.523324,0.437827
4270,0.00718645,0.449381,0.473014,0.457676
4271,0.163019,0.52134,0.547,0.478449
4272,0.379495,0.603808,0.506895,0.50992
4273,0.915167,0.328134,0.450671,0.515539
4274,0.0855325,0.386792,0.485721,0.512122
4275,0.672379,0.411024,0.697252,0.490503
4276,0.553958,0.264354,0.404473,0.488846
4277,0.388222,0.733922,0.385318,0.539733
4278,0.193445,0.477252,0.580588,0.516113
4279,0.334096,0.66137,0.458802,0.548062
4280,0.363427,0.627949,0.30927,0.436521
4281,0.369604,0.505324,0.6014,0.492354
4282,0.466174,0.526435,0.448316,0.520611
4283,0.0224975,0.382314,0.359143,0.473347
4284,0.880742,0.428875,0.470041,0.473378
4285,0.549815,0.713793,0.302341,0.493545
4286,0.379791,0.510382,0.63463,0.509981
4287,0.236086,0.671114,0.496728,0.511424
4288,0.604554,0.225869,0.537325,0.544228
4289,0.298544,0.606129,0.395608,0.473616
4290,0.352345,0.592452,0.468649,0.537693
4291,0.238983,0.275562,0.554697,0.51206
4292,0.20026,0.51229,0.42249,0.553686
4293,0.829547,0.903468,0.542958,0.52224
4294,0.864308,0.410584,0.402031,0.467004
4295,0.0525492,0.401728,0.676696,0.47402
4296,0.0751663,0.61973,0.481598,0.459521
4297,0.676955,0.572633,0.536071,0.503838
4298,0.567932,0.207588,0.545113,0.479708
4299,0.477565,0.270521,0.582644,0.473808
4300,0.89999,0.615847,0.552134,0.528838
4301,0.571086,0.641216,0.458048,0.487305
4302,0.108494,0.632946,0.455947,0.491071
4303,0.683519,0.541779,0.540703,0.521949
4304,0.7928,0.360633,0.44507,0.546132
4305,0.357904,0.635158,0.387379,0.529997
4306,0.219385,0.386475,0.417813,0.508316
4307,0.111076,0.120493,0.612566,0.522144
4308,0.312349,0.37818,0.494305,0.518038
4309,0.559618,0.389794,0.483331,0.491795
4310,0.848978,0.329653,0.626544,0.446531
4311,0.139314,0.500625,0.472028,0.517208
4312,0.952402,0.407064,0.392751,0.521308
4313,0.589117,0.904339,0.548652,0.523826
4314,0.808032,0.349201,0.559488,0.525104
4315,0.782141,0.238451,0.468647,0.513219
4316,0.930661,0.657748,0.463977,0.504886
4317,0.791054,0.845199,0.572795,0.52465
4318,0.775941,0.772017,0.634186,0.437638
4319,0.678479,0.117768,0.563698,0.500004
4320,0.824673,0.238484,0.557727,0.493128
4321,0.389559,0.712222,0.479699,0.538139
4322,0.962722,0.215644,0.37051,0.459365
4323,0.877212,0.499443,0.486618,0.47953
4324,0.278648,0.283185,0.60666,0.476946
4325,0.29727,0.208711,0.589558,0.493413
4326,0.687725,0.191408,0.591103,0.561185
4327,0.908061,0.350895,0.716192,0.54916
4328,0.501466,0.459287,0.492662,0.487198
4329,0.522291,0.832671,0.691923,0.496914
4330,0.408318,0.898072,0.540193,0.494193
4331,0.85987,0.328031,0.338979,0.536759
4332,0.66572,0.246713,0.358879,0.506669
4333,0.75681,0.652855,0.343981,0.5064
4334,0.0213433,0.854664,0.441207,0.500819
4335,0.613229,0.5211,0.522355,0.499372
4336,0.324965,0.219386,0.445573,0.522723
4337,0.520593,0.355834,0.366064,0.49024
4338,0.682082,0.286865,0.482721,0.498994
4339,0.918907,0.252757,0.293128,0.524375
4340,0.472373,0.649319,0.563847,0.503923
4341,0.0599385,0.343977,0.50714,0.51428
4342,0.961356,0.529341,0.516296,0.497012
4343,0.0696252,0.494557,0.354546,0.56672
4344,0.405735,0.27385,0.653572,0.474726
4345,0.882506,0.511001,0.584635,0.481695
4346,0.318956,0.726542,0.527135,0.474513
4347,0.841765,0.597924,0.311549,0.520888
4348,0.834683,0.265002,0.465319,0.489617
4349,0.373875,0.591104,0.541029,0.504924
4350,0.944788,0.459073,0.520495,0.497126
4351,0.0155951,0.355692,0.501057,0.481476
4352,0.0156003,0.625044,0.588082,0.500853
4353,0.144683,0.626683,0.467701,0.487067
4354,0.748215,0.806638,0.536878,0.489397
4355,0.916489,0.346263,0.522747,0.559735
4356,0.633948,0.275005,0.60494,0.504101
4357,0.568505,0.272851,0.675167,0.484291
4358,0.30752,0.55911,0.413351,0.505478
4359,0.322845,0.177703,0.405879,0.529949
4360,0.834647,0.43687,0.449897,0.577966
4361,0.0796249,0.18629,0.376437,0.489778
4362,0.978,0.144308,0.455505,0.465341
4363,0.995454,0.944344,0.686146,0.511981
4364,0.547151,0.531523,0.375739,0.553274
4365,0.114816,0.651122,0.422552,0.480035
4366,0.0578072,0.75696,0.445632,0.473779
4367,0.702847,0.422031,0.447937,0.534702
4368,0.0375299,0.781756,0.5023,0.505404
4369,0.731083,0.582323,0.399671,0.48976
4370,0.290664,0.612871,0.521266,0.530767
4371,0.621656,0.93585,0.543703,0.477158
4372,0.576048,0.643973,0.4368,0.489518
4373,0.757735,0.512401,0.566173,0.553397
4374,0.31531,0.24291,0.510439,0.487798
4375,0.522663,0.299181,0.452921,0.485202
4376,0.0226104,0.277183,0.545274,0.488539
4377,0.410614,0.691496,0.664395,0.558951
4378,0.630888,0.872885,0.36435,0.501034
4379,0.323487,0.296137,0.495514,0.503716
4380,0.94725,0.239523,0.471418,0.473825
4381,0.392049,0.284476,0.560615,0.478884
4382,0.819277,0.360042,0.40585,0.586561
4383,0.977697,0.599083,0.462883,0.488566
4384,0.218302,0.289577,0.573721,0.537971
4385,0.123975,0.787777,0.512035,0.487958
4386,0.140008,0.589641,0.396675,0.526054
4387,0.826456,0.704767,0.356226,0.515722
4388,0.562831,0.933142,0.373479,0.469672
4389,0.634485,0.358433,0.281511,0.530128
4390,0.0872218,0.953198,0.563902,0.455862
4391,0.480186,0.549941,0.395812,0.482739
4392,0.844382,0.629536,0.527411,0.5364
4393,0.179259,0.579833,0.55801,0.464879
4394,0.373939,0.373341,0.425216,0.484247
4395,0.0104057,0.231,0.543596,0.542607
4396,0.280551,0.35106,0.674057,0.458454
4397,0.587012,0.802826,0.718942,0.46421
4398,0.295705,0.71119,0.684325,0.528343
4399,0.171098,0.690313,0.409416,0.50212
4400,0.761875,0.533435,0.430263,0.49697
4401,0.949353,0.803917,0.602938,0.488648
4402,0.138632,0.755556,0.465933,0.494666
4403,0.958366,0.52049,0.620071,0.503895
4404,0.214934,0.485091,0.572642,0.510461
4405,0.225889,0.488933,0.549114,0.485678
4406,0.757536,0.376418,0.320009,0.517869
4407,0.949401,0.539949,0.640369,0.478258
4408,0.613459,0.222529,0.431361,0.483557
4409,0.919526,0.822753,0.489591,0.495693
4410,0.58591,0.417918,0.506481,0.527141
4411,0.398246,0.559726,0.6528,0.501036
4412,0.975029,0.713888,0.414699,0.50465
4413,0.727896,0.353062,0.431954,0.505348
4414,0.984969,0.660869,0.594812,0.496368
4415,0.336534,0.53069,0.622331,0.465955
4416,0.337238,0.451811,0.4,0.515234
4417,0.246648,0.0755136,0.300496,0.490099
4418,0.234087,0.416307,0.461952,0.483225
4419,0.231148,0.458051,0.477004,0.50359
4420,0.291786,0.510769,0.659639,0.514639
4421,0.859687,0.103874,0.370534,0.477923
4422,0.756183,0.297334,0.392879,0.526813
4423,0.855204,0.709506,0.493055,0.467715
4424,0.830057,0.706934,0.491856,0.473827
4425,0.0897379,0.493518,0.466871,0.483863
4426,0.911682,0.296191,0.689014,0.488722
4427,0.670178,0.425332,0.542181,0.457179
4428,0.83762,0.166384,0.510606,0.477595
4429,0.308122,0.639759,0.631518,0.466348
4430,0.342576,0.869526,0.442258,0.486458
4431,0.40048,0.651553,0.482954,0.517181
4432,0.0423929,0.578613,0.59325,0.525218
4433,0.942261,0.640803,0.410347,0.455259
4434,0.26911,0.772069,0.469895,0.521516
4435,0.781186,0.736694,0.490141,0.535796
4436,0.202799,0.788038,0.529842,0.526909
4437,0.518898,0.773284,0.464113,0.509735
4438,0.107153,0.90461,0.424186,0.479929
4439,0.317473,0.321879,0.434504,0.524812
4440,0.105244,0.840034,0.565307,0.521767
4441,0.104771,0.358247,0.564722,0.529712
4442,0.462126,0.546357,0.548761,0.466425
4443,0.921963,0.463959,0.458402,0.471182
4444,0.967944,0.396128,0.540719,0.478742
4445,0.237762,0.0668208,0.468269,0.525589
4446,0.0494879,0.176516,0.473008,0.462237
4447,0.573737,0.80022,0.43391,0.506764
4448,0.220264,0.373866,0.349651,0.484931
4449,0.282218,0.084478,0.425764,0.448993
4450,0.882361,0.370352,0.599107,0.461736
4451,0.718987,0.61674,0.622007,0.47716
4452,0.59901,0.621703,0.619888,0.516781
4453,0.513025,0.665434,0.551178,0.495991
4454,0.550514,0.258246,0.590285,0.467231
4455,0.525828,0.834098,0.54349,0.490528
4456,0.987771,0.341577,0.462121,0.503896
4457,0.0734488,0.796304,0.552873,0.500967
4458,0.394223,0.602308,0.42192,0.47007
4459,0.80091,0.57442,0.481356,0.456983
4460,0.490746,0.817781,0.510331,0.568731
4461,0.420068,0.470189,0.574388,0.491268
4462,0.560598,0.576211,0.580251,0.527514
4463,0.32831,0.111197,0.305258,0.528596
4464,0.603105,0.358852,0.390862,0.487735
4465,0.8411,0.155951,0.397183,0.523523
4466,0.433937,0.294942,0.42042,0.47919
4467,0.52552,0.303523,0.473182,0.506877
4468,0.896722,0.830637,0.438436,0.532315
4469,0.207967,0.827036,0.532125,0.493631
4470,0.777105,0.559515,0.422365,0.517269
4471,0.0198026,0.442808,0.543212,0.494057
4472,0.920185,0.936995,0.529934,0.475343
4473,0.108325,0.471915,0.456474,0.532699
4474,0.535493,0.247093,0.568296,0.466319
4475,0.392031,0.843255,0.326316,0.529136
4476,0.708638,0.235866,0.495589,0.457748
4477,0.945323,0.613488,0.314717,0.497123
4478,0.972901,0.44191,0.530295,0.539949
4479,0.744527,0.225884,0.52389,0.509656
4480,0.761955,0.571308,0.419497,0.459114
4481,0.22447,0.47478,0.458033,0.496472
4482,0.369732,0.481545,0.484471,0.512537
4483,0.7231,0.405295,0.503434,0.483293
4484,0.0847267,0.52763,0.447072,0.537886
4485,0.0568471,0.687309,0.499274,0.49915
4486,0.564952,0.364008,0.60527,0.50823
4487,0.429086,0.60204,0.541759,0.504555
4488,0.0507778,0.603502,0.428403,0.515029
4489,0.575039,0.678869,0.746405,0.512042
4490,0.216801,0.263406,0.548474,0.48175
4491,0.531069,0.672184,0.464503,0.504019
4492,0.776681,0.558089,0.55846,0.446466
4493,0.394182,0.61849,0.573072,0.492783
4494,0.752434,0.138182,0.575333,0.464112
4495,0.533091,0.657633,0.378045,0.490659
4496,0.337711,0.35633,0.504925,0.473563
4497,0.081963,0.24513,0.603737,0.505859
4498,0.938699,0.55077,0.536645,0.501732
4499,0.250493,0.491944,0.55718,0.479574
4500,0.666641,0.457591,0.48199,0.469075
4501,0.673918,0.957802,0.533365,0.507893
4502,0.106496,0.378421,0.420608,0.472499
4503,0.228546,0.309782,0.538653,0.493029
4504,0.12792,0.534695,0.536171,0.522531
4505,0.148436,0.280204,0.456198,0.50207
4506,0.977591,0.671716,0.430445,0.482689
4507,0.224104,0.154832,0.383927,0.504808
4508,0.500382,0.824827,0.522778,0.500684
4509,0.242696,0.502261,0.520636,0.473114
4510,0.359042,0.162255,0.518304,0.512084
4511,0.536736,0.699052,0.508834,0.476561
4512,0.0303821,0.508584,0.496562,0.5347
4513,0.548229,0.401134,0.520768,0.476435
4514,0.677086,0.0490693,0.444278,0.481768
4515,0.471933,0.301437,0.515179,0.517818
4516,0.0899565,0.659717,0.70706,0.517839
4517,0.193754,0.599846,0.430569,0.469537
4518,0.315662,0.481709,0.599766,0.482817
4519,0.562701,0.460224,0.469319,0.483789
4520,0.203371,0.839293,0.430642,0.479735
4521,0.0426409,0.664722,0.422432,0.539189
4522,0.307633,0.446672,0.44129,0.489904
4523,0.353399,0.749586,0.512389,0.569582
4524,0.358669,0.320395,0.601998,0.462788
4525,0.861218,0.492884,0.513313,0.520921
4526,0.308029,0.455085,0.395472,0.479704
4527,0.0161917,0.168414,0.500635,0.466281
4528,0.82308,0.281467,0.305275,0.46174
4529,0.728928,0.605049,0.56262,0.451733
4530,0.573695,0.488261,0.551735,0.510362
4531,0.249734,0.140822,0.394321,0.540997
4532,0.513331,0.219273,0.58893,0.501054
4533,0.657908,0.531501,0.406896,0.514128
4534,0.403865,0.611225,0.452471,0.498158
4535,0.694346,0.558555,0.55938,0.524802
4536,0.371099,0.489621,0.581177,0.520406
4537,0.28226,0.642242,0.54551,0.468432
4538,0.0893197,0.602404,0.579564,0.506307
4539,0.349206,0.795481,0.524522,0.531937
4540,0.353405,0.03173,0.469291,0.513176
4541,0.0993572,0.295608,0.564906,0.557411
4542,0.70777,0.52273,0.542364,0.526598
4543,0.525138,0.79205,0.542248,0.491038
4544,0.417318,0.778835,0.593534,0.525452
4545,0.348949,0.520059,0.469588,0.466207
4546,0.330239,0.0742644,0.379004,0.517696
4547,0.0101919,0.528704,0.417377,0.512089
4548,0.26371,0.374587,0.484764,0.475584
4549,0.67122,0.745889,0.526869,0.513048
4550,0.513984,0.654483,0.436502,0.517438
4551,0.132003,0.595176,0.560633,0.516346
4552,0.268194,0.0354872,0.396345,0.520812
4553,0.381917,0.699433,0.567653,0.431033
4554,0.904591,0.537345,0.603993,0.555768
4555,0.00718518,0.41797,0.554735,0.483484
4556,0.787,0.720113,0.660588,0.514744
4557,0.949186,0.981322,0.443004,0.484767
4558,0.81233,0.508647,0.608679,0.558111
4559,0.678832,0.519611,0.530669,0.52066
4560,0.356173,0.74492,0.414919,0.486716
4561,0.18005,0.779619,0.429212,0.511829
4562,0.630851,0.515664,0.679407,0.496348
4563,0.232461,0.626038,0.374605,0.519791
4564,0.834823,0.7449,0.433255,0.532983
4565,0.0699666,0.512768,0.503339,0.559287
4566,0.701395,0.487152,0.734201,0.519203
4567,0.990902,0.376224,0.440594,0.517319
4568,0.564423,0.0990554,0.565853,0.484508
4569,0.301301,0.538133,0.665018,0.518652
4570,0.870546,0.529198,0.514125,0.531192
4571,0.131152,0.371465,0.337937,0.487614
4572,0.569683,0.371548,0.601218,0.503582
4573,0.278883,0.66921,0.634445,0.51521
4574,0.628163,0.357549,0.387792,0.477275
4575,0.621101,0.569063,0.389368,0.517249
4576,0.81188,0.768075,0.543623,0.440826
4577,0.365111,0.575205,0.474274,0.433529
4578,0.83481,0.302739,0.472082,0.529529
4579,0.290088,0.502131,0.399071,0.50017
4580,0.778628,0.444684,0.239535,0.466961
4581,0.844038,0.335245,0.415318,0.541404
4582,0.0511077,0.797923,0.401388,0.4954
4583,0.642157,0.607254,0.297481,0.508602
4584,0.166998,0.666355,0.537777,0.504419
4585,0.0429094,0.817996,0.650795,0.428617
4586,0.167806,0.770678,0.538531,0.469952
4587,0.180828,0.36552,0.599927,0.533888
4588,0.15801,0.291434,0.646748,0.508997
4589,0.128992,0.175478,0.427239,0.470943
4590,0.113954,0.211433,0.526491,0.474917
4591,0.494388,0.498288,0.47295,0.515575
4592,0.514412,0.413953,0.634571,0.510638
4593,0.256168,0.784345,0.415225,0.577847
4594,0.00655598,0.847569,0.564834,0.465759
4595,0.0748933,0.282729,0.377571,0.43364
4596,0.341261,0.350072,0.544611,0.526738
4597,0.0553358,0.33348,0.490706,0.515536
4598,0.220067,0.34086,0.554314,0.517367
4599,0.20485,0.526986,0.372512,0.50283
4600,0.367117,0.691042,0.47172,0.485346
4601,0.759681,0.525378,0.48617,0.454574
4602,0.92568,0.336647,0.546218,0.504834
4603,0.604277,0.421535,0.519312,0.50244
4604,0.726147,0.109146,0.428662,0.52598
4605,0.563497,0.300016,0.555819,0.489331
4606,0.0126531,0.678412,0.58056,0.516061
4607,0.717539,0.600182,0.530059,0.469567
4608,0.797617,0.803757,0.354777,0.471705
4609,0.883441,0.560809,0.503897,0.48917
4610,0.697033,0.875859,0.582996,0.538103
4611,0.332897,0.72705,0.719014,0.53664
4612,0.195056,0.282997,0.469935,0.499416
4613,0.994566,0.727277,0.500787,0.539843
4614,0.193697,0.255868,0.460281,0.482169
4615,0.935692,0.387965,0.631393,0.509955
4616,0.654836,0.526047,0.608525,0.480015
4617,0.739706,0.390307,0.396022,0.526915
4618,0.628219,0.473272,0.596853,0.478596
4619,0.0347325,0.306845,0.482837,0.507772
4620,0.671514,0.458151,0.395492,0.503258
4621,0.567891,0.922876,0.456496,0.477699
4622,0.854789,0.614978,0.381831,0.520728
4623,0.376007,0.418102,0.496414,0.514298
4624,0.239475,0.653188,0.626565,0.512522
4625,0.672522,0.808838,0.525403,0.507934
4626,0.390451,0.461087,0.519923,0.50609
4627,0.141959,0.780654,0.602163,0.517378
4628,0.118195,0.378694,0.427759,0.524484
4629,0.318631,0.0894158,0.413362,0.49576
4630,0.545738,0.0979066,0.497543,0.457394
4631,0.0709542,0.581022,0.28687,0.487974
4632,0.428841,0.698725,0.497168,0.55179
4633,0.135199,0.273423,0.586231,0.497343
4634,0.70519,0.599828,0.445423,0.470284
4635,0.0314813,0.0930848,0.555989,0.531295
4636,0.0563372,0.597293,0.540041,0.550039
4637,0.986429,0.582437,0.479991,0.452132
4638,0.172095,0.562315,0.482345,0.477264
4639,0.529186,0.178562,0.389849,0.492803
4640,0.873025,0.287703,0.523285,0.502997
4641,0.526927,0.463269,0.515077,0.475164
4642,0.0305067,0.0916166,0.524741,0.528447
4643,0.460835,0.651019,0.424586,0.505028
4644,0.973556,0.402168,0.587879,0.50359
4645,0.410793,0.541622,0.551405,0.480431
4646,0.99044,0.71556,0.350122,0.552545
4647,0.175358,0.200412,0.534216,0.458206
4648,0.327685,0.545132,0.619445,0.507189
4649,0.802919,0.444776,0.559474,0.501982
4650,0.472065,0.413778,0.516976,0.491407
4651,0.54451,0.88569,0.590776,0.472019
4652,0.0866772,0.238858,0.503312,0.544591
4653,0.990756,0.707138,0.507935,0.524635
4654,0.460536,0.477291,0.541232,0.516323
4655,0.739531,0.438028,0.679221,0.457142
4656,0.444541,0.649725,0.358138,0.454287
4657,0.893185,0.497457,0.49734,0.527727
4658,0.540142,0.661397,0.442973,0.434763
4659,0.179329,0.452687,0.374709,0.541742
4660,0.838311,0.279269,0.591402,0.468702
4661,0.705809,0.565032,0.504109,0.504694
4662,0.516175,0.619605,0.503163,0.475149
4663,0.552614,0.846499,0.471545,0.534472
4664,0.409037,0.719067,0.553096,0.49132
4665,0.123228,0.676327,0.426383,0.517365
4666,0.0830576,0.489741,0.36705,0.460128
4667,0.782588,0.27142,0.492521,0.474742
4668,0.230496,0.349053,0.545765,0.497764
4669,0.0720899,0.672649,0.420181,0.463043
4670,0.931778,0.398748,0.619941,0.533634
4671,0.62818,0.240711,0.499084,0.53306
4672,0.695507,0.313415,0.506749,0.513113
4673,0.925664,0.580846,0.543367,0.478672
4674,0.748886,0.274862,0.425673,0.484221
4675,0.599238,0.468879,0.548839,0.486869
4676,0.635855,0.607979,0.502159,0.511781
4677,0.222216,0.597035,0.5372,0.511007
4678,0.889543,0.482186,0.404448,0.449707
4679,0.772284,0.462861,0.576797,0.525577
4680,0.903522,0.591489,0.313976,0.479352
4681,0.164977,0.0700599,0.508933,0.573718
4682,0.661295,0.262987,0.543417,0.491562
4683,0.664488,0.53077,0.367575,0.475131
4684,0.0763244,0.686527,0.476547,0.474594
4685,0.0491575,0.356356,0.459834,0.49805
4686,0.592182,0.689731,0.55145,0.539665
4687,0.761742,0.58421,0.481973,0.487624
4688,0.144961,0.52264,0.404095,0.513677
4689,0.368309,0.308074,0.344423,0.497033
4690,0.641861,0.256676,0.522695,0.499506
4691,0.775759,0.576429,0.335029,0.492737
4692,0.121601,0.915567,0.686393,0.479092
4693,0.0439546,0.58637,0.449395,0.505673
4694,0.819009,0.407241,0.457696,0.467607
4695,0.867679,0.504704,0.513306,0.540453
4696,0.769712,0.555938,0.517908,0.467168
4697,0.0634015,0.543557,0.632952,0.479883
4698,0.270168,0.288079,0.464772,0.50233
4699,0.533014,0.162155,0.373813,0.531057
4700,0.534093,0.344544,0.431288,0.487108
4701,0.0840585,0.861035,0.642858,0.501725
4702,0.688368,0.496257,0.549061,0.45432
4703,0.674959,0.489904,0.480207,0.529216
4704,0.348766,0.76776,0.356434,0.550322
4705,0.270497,0.421492,0.397755,0.51147
4706,0.344503,0.256925,0.375713,0.534031
4707,0.649067,0.38093,0.485671,0.431389
4708,0.574236,0.4272,0.511338,0.45328
4709,0.993528,0.178352,0.621875,0.489747
4710,0.567161,0.112783,0.41328,0.496137
4711,0.259451,0.235436,0.535794,0.495341
4712,0.77682,0.255594,0.602833,0.524307
4713,0.978223,0.894921,0.406606,0.464267
4714,0.889937,0.163282,0.531998,0.477489
4715,0.311541,0.764731,0.495783,0.489569
4716,0.479686,0.562455,0.589121,0.521452
4717,0.198257,0.579595,0.359135,0.491911
4718,0.058419,0.0632684,0.520442,0.464792
4719,0.333911,0.47494,0.549055,0.519257
4720,0.112375,0.416855,0.508841,0.504041
4721,0.154176,0.448961,0.5019,0.482125
4722,0.75706,0.342403,0.426623,0.530598
4723,0.395738,0.608955,0.400674,0.501635
4724,0.043968,0.111668,0.453322,0.496339
4725,0.23887,0.702089,0.407651,0.533009
4726,0.300635,0.665677,0.421979,0.484708
4727,0.959585,0.448302,0.468687,0.502399
4728,0.341669,0.747583,0.451897,0.522323
4729,0.499129,0.368915,0.481757,0.516192
4730,0.0636408,0.511375,0.487612,0.517951
4731,0.782747,0.326737,0.56639,0.498876
4732,0.444791,0.572075,0.519531,0.532472
4733,0.280878,0.772748,0.41186,0.506852
4734,0.427793,0.54839,0.552497,0.494693
4735,0.844467,0.722721,0.463165,0.455026
4736,0.633642,0.417027,0.508989,0.495975
4737,0.749489,0.678804,0.5583,0.465061
4738,0.252936,0.4646,0.556949,0.499615
4739,0.929709,0.304236,0.543122,0.535808
4740,0.509357,0.769826,0.606019,0.496583
4741,0.0761202,0.631591,0.407703,0.515353
4742,0.966767,0.409529,0.617387,0.44642
4743,0.110479,0.409938,0.428616,0.479085
4744,0.846496,0.620172,0.558077,0.481697
4745,0.865836,0.646207,0.395043,0.492026
4746,0.376391,0.407477,0.539038,0.486531
4747,0.169222,0.466232,0.456994,0.514714
4748,0.453584,0.244596,0.549657,0.498872
4749,0.0815066,0.831514,0.54213,0.464453
4750,0.188991,0.47411,0.532725,0.502587
4751,0.710661,0.248751,0.538108,0.502969
4752,0.0522622,0.581387,0.607794,0.511009
4753,0.916071,0.393805,0.37608,0.473669
4754,0.35494,0.695029,0.473887,0.485002
4755,0.98246,0.374675,0.409275,0.555589
4756,0.794268,0.431384,0.57947,0.52277
4757,0.630488,0.692617,0.58075,0.489998
4758,0.986052,0.226321,0.292618,0.483096
4759,0.413789,0.822719,0.562985,0.517722
4760,0.664158,0.578462,0.571,0.530413
4761,0.869914,0.177576,0.485586,0.480458
4762,0.432092,0.144524,0.461321,0.450743
4763,0.695646,0.671093,0.657781,0.500472
4764,0.607849,0.803665,0.34269,0.46207
4765,0.179667,0.396392,0.585631,0.520524
4766,0.704063,0.459016,0.572671,0.488057
4767,0.447678,0.858711,0.528936,0.511851
4768,0.382377,0.477367,0.437549,0.464611
4769,0.867194,0.286098,0.476888,0.481411
4770,0.803502,0.61851,0.458595,0.495907
4771,0.692108,0.537054,0.57479,0.516278
4772,0.59652,0.825682,0.480495,0.508477
4773,0.717396,0.787161,0.533552,0.422869
4774,0.549453,0.272402,0.536919,0.501911
4775,0.503731,0.10279,0.57648,0.454594
4776,0.617289,0.51422,0.466553,0.427329
4777,0.805557,0.284967,0.486171,0.5113
4778,0.491667,0.227019,0.494907,0.48047
4779,0.31222,0.0851601,0.370303,0.500456
4780,0.522052,0.370252,0.577966,0.511885
4781,0.423173,0.505117,0.40826,0.460398
4782,0.668989,0.868707,0.299105,0.533419
4783,0.854149,0.195652,0.277613,0.545143
4784,0.30493,0.431971,0.508174,0.466023
4785,0.313963,0.474853,0.296646,0.510274
4786,0.930921,0.775035,0.392371,0.512358
4787,0.131101,0.206329,0.639036,0.538888
4788,0.479796,0.692049,0.565142,0.529875
4789,0.606088,0.407431,0.638591,0.452545
4790,0.809634,0.329479,0.497815,0.451729
4791,0.819533,0.770642,0.417386,0.457961
4792,0.0979837,0.575463,0.179927,0.48347
4793,0.336493,0.451266,0.484797,0.502187
4794,0.436842,0.483673,0.654123,0.568624
4795,0.259044,0.3874,0.634039,0.465657
4796,0.209965,0.604923,0.423408,0.492172
4797,0.827543,0.440838,0.467591,0.438296
4798,0.579029,0.527011,0.47855,0.559223
4799,0.748428,0.673175,0.48119,0.502013
4800,0.796324,0.169597,0.562207,0.500934
4801,0.646741,0.548613,0.481111,0.519314
4802,0.755702,0.540849,0.476334,0.492976
4803,0.702196,0.376384,0.489383,0.509437
4804,0.180365,0.195404,0.353764,0.500005
4805,0.927895,0.71121,0.526031,0.515125
4806,0.755176,0.411216,0.534427,0.45729
4807,0.0317168,0.751108,0.495601,0.494366
4808,0.574572,0.251419,0.442711,0.514365
4809,0.646226,0.720675,0.55346,0.527561
4810,0.223555,0.189575,0.661965,0.53294
4811,0.651118,0.31096,0.508879,0.491411
4812,0.524392,0.213155,0.490911,0.51953
4813,0.42866,0.452625,0.447042,0.458802
4814,0.834073,0.12813,0.340784,0.501655
4815,0.473553,0.591469,0.352619,0.536287
4816,0.0699409,0.598053,0.429159,0.536759
4817,0.770995,0.554168,0.572102,0.507664
4818,0.711052,0.339356,0.360236,0.532868
4819,0.83241,0.539102,0.407336,0.514815
4820,0.0801968,0.712691,0.499381,0.502706
4821,0.471333,0.430467,0.496811,0.568416
4822,0.0568413,0.766076,0.527565,0.499362
4823,0.576904,0.379661,0.304211,0.522605
4824,0.712032,0.4885,0.464665,0.486556
4825,0.738777,0.631552,0.541045,0.524295
4826,0.489053,0.588498,0.526839,0.517014
4827,0.763669,0.348988,0.635377,0.476311
4828,0.751548,0.0793143,0.465328,0.518222
4829,0.0808615,0.520156,0.709622,0.504842
4830,0.523079,0.490333,0.566942,0.459967
4831,0.975562,0.233086,0.546062,0.512776
4832,0.807095,0.258388,0.519862,0.48366
4833,0.714741,0.353836,0.481279,0.506377
4834,0.421593,0.572493,0.696033,0.459841
4835,0.894638,0.188653,0.438387,0.494592
4836,0.198009,0.255797,0.399929,0.569299
4837,0.106238,0.785094,0.403763,0.479794
4838,0.674939,0.417032,0.712244,0.458981
4839,0.355823,0.41189,0.516502,0.524742
4840,0.832615,0.852903,0.500797,0.501397
4841,0.257139,0.103598,0.627209,0.468348
4842,0.476736,0.705989,0.476865,0.478708
4843,0.197472,0.694098,0.594671,0.501759
4844,0.461676,0.294916,0.597649,0.504407
4845,0.692658,0.334476,0.518131,0.486527
4846,0.426641,0.791832,0.407842,0.50206
4847,0.759872,0.235328,0.418578,0.530322
4848,0.153974,0.454168,0.601425,0.484412
4849,0.624794,0.773025,0.448344,0.483483
4850,0.442352,0.663182,0.431828,0.517039
4851,0.786612,0.457861,0.447465,0.518154
4852,0.549829,0.296572,0.545041,0.501156
4853,0.579111,0.573646,0.447619,0.562121
4854,0.516872,0.378758,0.698231,0.493911
4855,0.14922,0.333016,0.530293,0.513539
4856,0.94325,0.25547,0.344362,0.519278
4857,0.686613,0.701268,0.434127,0.48682
4858,0.942811,0.343844,0.567379,0.454063
4859,0.603875,0.458355,0.589934,0.501527
4860,0.21744,0.3468,0.553023,0.532833
4861,0.892258,0.666684,0.468691,0.475238
4862,0.276769,0.429458,0.498163,0.546354
4863,0.530389,0.536123,0.500063,0.49095
4864,0.461137,0.575822,0.493441,0.556255
4865,0.268992,0.459958,0.680546,0.496633
4866,0.3741,0.599493,0.361835,0.470156
4867,0.0968994,0.433517,0.58186,0.48653
4868,0.230622,0.759564,0.587964,0.511294
4869,0.421871,0.612963,0.734783,0.532094
4870,0.933906,0.192946,0.644253,0.475448
4871,0.806347,0.264341,0.231452,0.545672
4872,0.0562704,0.75442,0.386421,0.557391
4873,0.310214,0.695272,0.492963,0.499782
4874,0.208827,0.646614,0.577246,0.504828
4875,0.149196,0.220645,0.371232,0.480704
4876,0.241678,0.230847,0.504239,0.499107
4877,0.615091,0.29645,0.484488,0.467338
4878,0.812927,0.640769,0.632094,0.488054
4879,0.816046,0.690254,0.743316,0.554501
4880,0.242128,0.63568,0.526053,0.527862
4881,0.66159,0.379425,0.470352,0.497713
4882,0.269091,0.871139,0.447955,0.467315
4883,0.287626,0.197531,0.363483,0.4883
4884,0.0685518,0.448114,0.333254,0.568099
4885,0.716193,0.198532,0.543753,0.535409
4886,0.346245,0.42236,0.451497,0.453685
4887,0.760722,0.263487,0.548478,0.480122
4888,0.0300527,0.451601,0.482574,0.554169
4889,0.783356,0.344055,0.561965,0.406254
4890,0.0241389,0.13075,0.509622,0.537741
4891,0.39819,0.448321,0.625665,0.533395
4892,0.646063,0.256847,0.46129,0.550654
4893,0.605513,0.672206,0.616585,0.511869
4894,0.673398,0.0302017,0.466084,0.457949
4895,0.389459,0.352836,0.526108,0.488117
4896,0.327762,0.529328,0.600505,0.504527
4897,0.92901,0.862448,0.388172,0.49378
4898,0.74127,0.188934,0.428624,0.479776
4899,0.823611,0.640787,0.432358,0.508944
4900,0.203437,0.669415,0.430865,0.494316
4901,0.955633,0.257487,0.547056,0.473093
4902,0.785457,0.744249,0.64202,0.439373
4903,0.927848,0.315316,0.470025,0.501097
4904,0.656103,0.497856,0.367497,0.513512
4905,0.694966,0.317113,0.593043,0.538711
4906,0.402372,0.567023,0.312786,0.553678
4907,0.796268,0.839987,0.654671,0.488567
4908,0.322243,0.810165,0.52764,0.52952
4909,0.324889,0.474916,0.498693,0.466625
4910,0.661044,0.139912,0.614319,0.501862
4911,0.78238,0.226893,0.577127,0.509952
4912,0.692661,0.538911,0.39282,0.454719
4913,0.033141,0.63373,0.447009,0.50873
4914,0.695012,0.877834,0.330536,0.521571
4915,0.677594,0.596576,0.363201,0.513012
4916,0.440961,0.824185,0.467259,0.424427
4917,0.747707,0.866108,0.435573,0.533403
4918,0.643325,0.78376,0.487692,0.460498
4919,0.539576,0.810395,0.497241,0.47488
4920,0.219174,0.723163,0.457904,0.531946
4921,0.982255,0.682039,0.743703,0.530493
4922,0.0959521,0.606842,0.436656,0.524809
4923,0.430166,0.636298,0.560355,0.473396
4924,0.0970139,0.335814,0.473836,0.520111
4925,0.258227,0.75727,0.50278,0.486965
4926,0.422512,0.70591,0.502546,0.448888
4927,0.702642,0.271931,0.597673,0.496491
4928,0.930592,0.593994,0.641212,0.501111
4929,0.469361,0.738757,0.535901,0.470039
4930,0.0864566,0.33418,0.498868,0.486197
4931,0.141258,0.340485,0.576975,0.498497
4932,0.734203,0.226546,0.544166,0.483542
4933,0.598134,0.303692,0.592133,0.493654
4934,0.416183,0.82796,0.45531,0.5317
4935,0.969805,0.307886,0.602789,0.52996
4936,0.256961,0.40714,0.584565,0.491815
4937,0.566299,0.377154,0.53122,0.470479
4938,0.872756,0.543088,0.540638,0.497865
4939,0.246736,0.445659,0.562733,0.4935
4940,0.2531,0.810566,0.419068,0.535016
4941,0.111567,0.830208,0.542369,0.511749
4942,0.0799587,0.740124,0.445871,0.536525
4943,0.657282,0.470365,0.550986,0.482843
4944,0.855165,0.305633,0.35786,0.499229
4945,0.556485,0.792435,0.419046,0.494976
4946,0.631488,0.437787,0.461639,0.528499
4947,0.371719,0.50362,0.46929,0.522778
4948,0.644053,0.919773,0.43561,0.460936
4949,0.519416,0.814686,0.56126,0.456351
4950,0.733788,0.5611,0.533489,0.524656
4951,0.106194,0.379736,0.668442,0.489834
4952,0.74595,0.205563,0.294,0.513648
4953,0.0756455,0.591621,0.32593,0.489425
4954,0.258949,0.596102,0.368403,0.511664
4955,0.409556,0.631686,0.669758,0.499435
4956,0.0170895,0.468721,0.411323,0.51203
4957,0.892301,0.568621,0.570433,0.530762
4958,0.854351,0.579025,0.616158,0.460841
4959,0.586525,0.448688,0.59107,0.475393
4960,0.202466,0.289247,0.605676,0.456817
4961,0.435816,0.971141,0.39747,0.530647
4962,0.874448,0.309482,0.443829,0.489865
4963,0.603178,0.446025,0.577519,0.519503
4964,0.130069,0.253497,0.413837,0.501337
4965,0.705942,0.250933,0.461916,0.494003
4966,0.461815,0.461743,0.306973,0.497559
4967,0.322595,0.333036,0.573115,0.517845
4968,0.439975,0.74852,0.460478,0.430821
4969,0.0251092,0.474895,0.380494,0.482317
4970,0.912071,0.615439,0.505244,0.477005
4971,0.973049,0.309308,0.521999,0.548822
4972,0.116105,0.547173,0.496738,0.465499
4973,0.364614,0.308123,0.418734,0.488014
4974,0.219407,0.539415,0.364654,0.519795
4975,0.81332,0.250243,0.402897,0.496176
4976,0.91218,0.791944,0.380693,0.517073
4977,0.39649,0.67005,0.530115,0.482258
4978,0.531613,0.804732,0.446873,0.504849
4979,0.453424,0.637189,0.508517,0.505811
4980,0.523336,0.488028,0.43476,0.507113
4981,0.0178155,0.765936,0.29016,0.557
4982,0.167012,0.502385,0.64398,0.521812
4983,0.606865,0.607438,0.503201,0.533445
4984,0.588043,0.425807,0.548939,0.479638
4985,0.316963,0.5974,0.392036,0.501131
4986,0.288439,0.588018,0.533617,0.517059
4987,0.55379,0.496396,0.633864,0.483488
4988,0.00475316,0.315378,0.368797,0.535126
4989,0.872238,0.504762,0.525497,0.50528
4990,0.625236,0.322032,0.465462,0.507834
4991,0.113121,0.556494,0.62586,0.448359
4992,0.963765,0.139913,0.740682,0.46886
4993,0.644308,0.247621,0.411239,0.513963
4994,0.523527,0.633975,0.409161,0.517366
4995,0.254869,0.59051,0.448805,0.499233
4996,0.0329087,0.191384,0.673553,0.504467
4997,0.515582,0.232984,0.558558,0.498912
4998,0.734093,0.79219,0.562208,0.504063
4999,0.898778,0.144484,0.657116,0.539235
5000,0.758003,0.37522,0.469474,0.49796
5001,0.4317,0.584297,0.59401,0.472364
5002,0.768912,0.3433,0.402511,0.466385
5003,0.178694,0.467774,0.453215,0.470985
5004,0.86393,0.155865,0.487979,0.495338
5005,0.0207009,0.329545,0.298286,0.490262
5006,0.330746,0.803572,0.545486,0.549898
5007,0.208583,0.653646,0.432358,0.492202
5008,0.244245,0.52151,0.420645,0.447026
5009,0.131227,0.279122,0.500977,0.496675
5010,0.610234,0.500292,0.663174,0.524561
5011,0.839813,0.398576,0.479101,0.523674
5012,0.637368,0.694683,0.601017,0.506776
5013,0.788042,0.55904,0.419241,0.523604
5014,0.423422,0.803459,0.43913,0.491707
5015,0.192695,0.525743,0.51589,0.488188
5016,0.992603,0.689343,0.563979,0.505494
5017,0.175561,0.344222,0.374683,0.483719
5018,0.907109,0.346102,0.526253,0.456696
5019,0.989773,0.358502,0.361286,0.509878
5020,0.973037,0.460905,0.462492,0.448372
5021,0.211257,0.369646,0.358962,0.52374
5022,0.383883,0.857772,0.366481,0.492954
5023,0.493889,0.441509,0.633378,0.480867
5024,0.424183,0.621657,0.57579,0.525961
5025,0.562714,0.241053,0.705952,0.507213
5026,0.0434764,0.145035,0.504871,0.556494
5027,0.709612,0.916169,0.515075,0.543846
5028,0.713086,0.871503,0.491341,0.538186
5029,0.315355,0.566254,0.517485,0.528524
5030,0.158567,0.82248,0.632199,0.489982
5031,0.459696,0.176622,0.551708,0.530398
5032,0.0245118,0.856467,0.465615,0.468893
5033,0.352011,0.31488,0.419099,0.474311
5034,0.96411,0.467694,0.428381,0.477492
5035,0.985146,0.563303,0.534741,0.508161
5036,0.557177,0.610974,0.580721,0.494171
5037,0.518696,0.608193,0.617599,0.540099
5038,0.288745,0.346163,0.524824,0.49318
5039,0.29336,0.781471,0.382956,0.485464
5040,0.318388,0.623194,0.392629,0.469501
5041,0.200146,0.548367,0.506824,0.493166
5042,0.149926,0.192033,0.590957,0.469763
5043,0.017453,0.637831,0.596196,0.557516
5044,0.25074,0.506844,0.651881,0.440603
5045,0.609592,0.112973,0.622676,0.488552
5046,0.332758,0.765349,0.374596,0.488778
5047,0.943863,0.932715,0.446262,0.518753
5048,0.776864,0.951275,0.471691,0.464762
5049,0.22435,0.147344,0.371409,0.502779
5050,0.393729,0.625783,0.546218,0.479698
5051,0.475992,0.479006,0.691777,0.504182
5052,0.710883,0.800617,0.586003,0.500244
5053,0.905209,0.35448,0.422222,0.495593
5054,0.398667,0.419135,0.434634,0.486934
5055,0.45907,0.480455,0.553389,0.498692
5056,0.707937,0.590787,0.408807,0.530326
5057,0.575434,0.366332,0.429614,0.517843
5058,0.259511,0.681021,0.479661,0.443182
5059,0.294408,0.316903,0.544549,0.514953
5060,0.0116513,0.521314,0.465598,0.447194
5061,0.374961,0.126134,0.583546,0.474784
5062,0.923345,0.49942,0.512131,0.497291
5063,0.887384,0.26559,0.490795,0.482897
5064,0.875888,0.590893,0.470607,0.463712
5065,0.136657,0.250964,0.514437,0.507667
5066,0.442406,0.184026,0.511756,0.51042
5067,0.439132,0.63688,0.54413,0.519459
5068,0.499947,0.977362,0.584363,0.54459
5069,0.262496,0.796499,0.531258,0.548736
5070,0.574308,0.26792,0.459872,0.473621
5071,0.612128,0.707741,0.65308,0.466464
5072,0.100052,0.753045,0.482308,0.511959
5073,0.735075,0.118942,0.457725,0.489685
5074,0.892891,0.180888,0.430641,0.503649
5075,0.348466,0.872879,0.415502,0.52495
5076,0.475498,0.816164,0.436748,0.495529
5077,0.429854,0.716907,0.554555,0.492615
5078,0.203289,0.810992,0.546935,0.534643
5079,0.239191,0.964867,0.539702,0.510862
5080,0.402182,0.171958,0.763464,0.528593
5081,0.160239,0.620736,0.563352,0.514463
5082,0.527789,0.501683,0.624489,0.476951
5083,0.444931,0.77174,0.576867,0.49275
5084,0.842919,0.659286,0.575838,0.504837
5085,0.274319,0.347666,0.555565,0.54718
5086,0.145817,0.468132,0.561033,0.418598
5087,0.832329,0.141525,0.458871,0.536885
5088,0.402412,0.19844,0.450637,0.456498
5089,0.130799,0.115722,0.581498,0.550515
5090,0.622157,0.373392,0.679646,0.500322
5091,0.266224,0.633971,0.562089,0.536792
5092,0.93098,0.504797,0.430489,0.473482
5093,0.63294,0.551463,0.540282,0.523511
5094,0.83877,0.659853,0.353572,0.464593
5095,0.401795,0.573469,0.389582,0.45773
5096,0.607198,0.404312,0.320989,0.490006
5097,0.132783,0.869024,0.470335,0.483655
5098,0.560062,0.524045,0.531812,0.498153
5099,0.340204,0.37469,0.577832,0.524761
5100,0.273825,0.896871,0.500006,0.476693
5101,0.591665,0.459602,0.416911,0.495466
5102,0.718143,0.555489,0.522067,0.484226
5103,0.100856,0.642083,0.534769,0.535955
5104,0.988456,0.500679,0.52063,0.511206
5105,0.774023,0.218829,0.382195,0.487003
5106,0.518806,0.49796,0.603558,0.45523
5107,0.94693,0.46176,0.534995,0.517545
5108,0.56099,0.296381,0.696994,0.551025
5109,0.555456,0.648745,0.60472,0.514831
5110,0.661962,0.361332,0.633171,0.452463
5111,0.571024,0.372924,0.555594,0.470724
5112,0.821504,0.156957,0.516381,0.482251
5113,0.957398,0.383498,0.537099,0.484194
5114,0.870083,0.804258,0.532614,0.401328
5115,0.36581,0.776389,0.43863,0.482861
5116,0.187677,0.144778,0.586349,0.514861
5117,0.312731,0.572862,0.469791,0.498017
5118,0.858545,0.474331,0.62315,0.4572
5119,0.300717,0.748426,0.408915,0.51938
5120,0.130239,0.289142,0.629499,0.507085
5121,0.771276,0.472303,0.347282,0.509715
5122,0.603064,0.548191,0.491442,0.488449
5123,0.0985542,0.304788,0.440001,0.504043
5124,0.873848,0.297181,0.570718,0.541036
5125,0.141921,0.27712,0.492326,0.522086
5126,0.908039,0.336444,0.571241,0.522413
5127,0.723337,0.715596,0.617011,0.500083
5128,0.281376,0.63188,0.374706,0.502808
5129,0.528728,0.533174,0.632151,0.476729
5130,0.908403,0.847169,0.519687,0.532724
5131,0.888633,0.307704,0.449017,0.535186
5132,0.670326,0.309147,0.600076,0.529517
5133,0.259893,0.377475,0.633445,0.481756
5134,0.205364,0.0395656,0.524928,0.480292
5135,0.0796191,0.295322,0.480678,0.449858
5136,0.275402,0.780016,0.51774,0.522552
5137,0.8578,0.115354,0.513886,0.474129
5138,0.208607,0.1107,0.437224,0.505958
5139,0.125596,0.727995,0.574787,0.468947
5140,0.332172,0.495243,0.535435,0.502242
5141,0.101421,0.621773,0.407724,0.488002
5142,0.205486,0.570796,0.564751,0.473175
5143,0.805419,0.500701,0.503828,0.495104
5144,0.100286,0.381395,0.47948,0.488496
5145,0.15333,0.344411,0.509664,0.580993
5146,0.379218,0.665819,0.376582,0.519779
5147,0.427624,0.584636,0.306573,0.473498
5148,0.514243,0.73607,0.47403,0.511504
5149,0.0458707,0.555169,0.580953,0.532706
5150,0.0371238,0.552676,0.729862,0.536618
5151,0.379942,0.447539,0.529761,0.499221
5152,0.144822,0.283743,0.554535,0.485359
5153,0.0464994,0.401555,0.6373,0.487989
5154,0.676756,0.236914,0.569631,0.488307
5155,0.838291,0.464854,0.46695,0.510254
5156,0.530942,0.194054,0.545671,0.497428
5157,0.271688,0.394741,0.500922,0.492767
5158,0.108756,0.422842,0.584144,0.530379
5159,0.180722,0.591014,0.496322,0.474724
5160,0.111857,0.684613,0.577045,0.531421
5161,0.831503,0.568775,0.526832,0.501717
5162,0.973311,0.441203,0.444532,0.513244
5163,0.153602,0.464385,0.463532,0.524181
5164,0.521757,0.906842,0.617305,0.49934
5165,0.421259,0.675172,0.532293,0.500973
5166,0.841026,0.712394,0.486294,0.484554
5167,0.940527,0.448216,0.59917,0.484804
5168,0.127507,0.204413,0.556267,0.565854
5169,0.00944612,0.645823,0.48141,0.519364
5170,0.294202,0.238459,0.535,0.498227
5171,0.412921,0.539082,0.635112,0.473622
5172,0.776325,0.660798,0.595159,0.520036
5173,0.698137,0.559439,0.604917,0.489828
5174,0.46236,0.42214,0.535868,0.513603
5175,0.887657,0.46711,0.509417,0.502022
5176,0.810833,0.298664,0.41938,0.477847
5177,0.267753,0.564602,0.456589,0.49744
5178,0.364075,0.675932,0.575068,0.477303
5179,0.5425,0.719435,0.532649,0.496749
5180,0.697349,0.105632,0.691194,0.491181
5181,0.895618,0.41544,0.59822,0.498463
5182,0.919888,0.460684,0.500869,0.531442
5183,0.574948,0.378207,0.62395,0.459418
5184,0.949289,0.546726,0.338776,0.48474
5185,0.309104,0.421053,0.327927,0.519808
5186,0.888319,0.296747,0.348606,0.475288
5187,0.532911,0.502813,0.495012,0.436902
5188,0.416811,0.754841,0.422938,0.502276
5189,0.670057,0.341565,0.572576,0.511631
5190,0.385429,0.198216,0.591085,0.556259
5191,0.764124,0.416039,0.433742,0.502008
5192,0.11864,0.600302,0.585957,0.52311
5193,0.977084,0.41417,0.492569,0.496594
5194,0.630639,0.232413,0.583954,0.495812
5195,0.361727,0.476528,0.473973,0.539233
5196,0.430532,0.325187,0.643099,0.494866
5197,0.124315,0.781206,0.42186,0.473727
5198,0.576605,0.404652,0.424927,0.504193
5199,0.530961,0.223298,0.477534,0.5043
5200,0.0918849,0.44615,0.543982,0.498431
5201,0.0964789,0.826288,0.401282,0.496972
5202,0.994135,0.27741,0.430114,0.535753
5203,0.140401,0.338103,0.53243,0.496229
5204,0.778237,0.302064,0.54773,0.487873
5205,0.456144,0.198263,0.459655,0.499655
5206,0.165831,0.180673,0.54616,0.476446
5207,0.993054,0.551294,0.505252,0.502079
5208,0.200089,0.133518,0.425285,0.505707
5209,0.3543,0.698341,0.443167,0.475249
5210,0.772196,0.14618,0.522061,0.502793
5211,0.669369,0.46741,0.6844,0.499835
5212,0.270902,0.176195,0.389025,0.52915
5213,0.0532937,0.492719,0.564873,0.528286
5214,0.915185,0.455007,0.380491,0.514922
5215,0.735817,0.0461503,0.507605,0.514423
5216,0.93889,0.737892,0.481493,0.485143
5217,0.393376,0.248299,0.506085,0.571056
5218,0.00702458,0.640179,0.638785,0.545741
5219,0.727973,0.0686267,0.464841,0.513076
5220,0.054253,0.480666,0.421207,0.502583
5221,0.981562,0.4174,0.50083,0.513138
5222,0.852894,0.211166,0.480558,0.506895
5223,0.123661,0.460955,0.475293,0.474517
5224,0.057795,0.0787809,0.456746,0.523672
5225,0.0735116,0.350541,0.511595,0.540869
5226,0.477573,0.60499,0.278819,0.515295
5227,0.00587611,0.638217,0.511891,0.51421
5228,0.396914,0.565943,0.435279,0.529278
5229,0.313974,0.714043,0.585081,0.528845
5230,0.797416,0.821702,0.491492,0.519735
5231,0.232128,0.559859,0.533328,0.495523
5232,0.125257,0.580313,0.425837,0.534851
5233,0.575946,0.538439,0.37399,0.479482
5234,0.235174,0.334857,0.624068,0.55582
5235,0.600234,0.628473,0.413661,0.491614
5236,0.00379758,0.984074,0.49078,0.495595
5237,0.188722,0.518863,0.425635,0.500854
5238,0.837795,0.207859,0.577789,0.482135
5239,0.123096,0.780883,0.652972,0.480401
5240,0.130861,0.659537,0.673367,0.46638
5241,0.685025,0.511967,0.658794,0.52648
5242,0.814114,0.484319,0.633854,0.486756
5243,0.45795,0.664377,0.616218,0.51776
5244,0.379945,0.411883,0.430007,0.500002
5245,0.860456,0.294802,0.452418,0.509731
5246,0.994255,0.507376,0.485831,0.4888
5247,0.608973,0.400002,0.475837,0.50224
5248,0.0668308,0.148417,0.609922,0.436209
5249,0.176717,0.526671,0.516875,0.48414
5250,0.265897,0.0739949,0.307198,0.445167
5251,0.0349277,0.534878,0.408965,0.515783
5252,0.807139,0.726575,0.562537,0.564947
5253,0.32396,0.629714,0.361152,0.500323
5254,0.21069,0.52301,0.475004,0.450993
5255,0.513173,0.489832,0.59173,0.494315
5256,0.624404,0.501587,0.48614,0.504889
5257,0.776808,0.309891,0.446089,0.499608
5258,0.999934,0.329881,0.372443,0.478987
5259,0.774312,0.41791,0.398119,0.512319
5260,0.345205,0.15573,0.43519,0.459171
5261,0.341218,0.69673,0.450093,0.529967
5262,0.0709588,0.439223,0.53392,0.475815
5263,0.732927,0.392041,0.493848,0.506735
5264,0.146503,0.41303,0.455375,0.5436
5265,0.622295,0.294614,0.483186,0.505612
5266,0.559848,0.372906,0.409416,0.493409
5267,0.773279,0.411803,0.548547,0.505428
5268,0.932049,0.857293,0.454956,0.520078
5269,0.892306,0.505112,0.568356,0.498826
5270,0.183632,0.634285,0.406886,0.452569
5271,0.146879,0.723372,0.591964,0.529215
5272,0.796476,0.46097,0.45052,0.433953
5273,0.567725,0.480927,0.454445,0.490366
5274,0.923617,0.67779,0.280421,0.430905
5275,0.213036,0.43399,0.518737,0.496587
5276,0.131065,0.343732,0.609722,0.485034
5277,0.197512,0.276922,0.607828,0.499327
5278,0.0450567,0.379919,0.389325,0.495013
5279,0.583707,0.610972,0.296273,0.507152
5280,0.53354,0.521293,0.480361,0.487403
5281,0.0239174,0.629505,0.714333,0.508726
5282,0.68721,0.247636,0.542459,0.458277
5283,0.769239,0.411204,0.433209,0.490883
5284,0.361675,0.348149,0.334003,0.47465
5285,0.522541,0.366855,0.558967,0.490608
5286,0.368357,0.310444,0.409452,0.493797
5287,0.679328,0.403471,0.391603,0.470841
5288,0.928941,0.435984,0.51573,0.51884
5289,0.299707,0.261155,0.477221,0.513075
5290,0.575405,0.602996,0.434146,0.47214
5291,0.300139,0.423651,0.331221,0.489705
5292,0.54836,0.53872,0.494197,0.550354
5293,0.980612,0.59964,0.714047,0.497768
5294,0.35621,0.258217,0.49713,0.523818
5295,0.499121,0.53007,0.403717,0.495326
5296,0.112655,0.294104,0.525518,0.500623
5297,0.638055,0.580943,0.398011,0.513821
5298,0.119911,0.461519,0.576916,0.527196
5299,0.627339,0.578893,0.400134,0.545377
5300,0.0356628,0.921414,0.520263,0.46275
5301,0.484702,0.731421,0.639703,0.554627
5302,0.19798,0.392014,0.449383,0.466727
5303,0.287869,0.480636,0.516487,0.511046
5304,0.208882,0.67895,0.437487,0.480052
5305,0.296078,0.464953,0.683275,0.505772
5306,0.053954,0.886617,0.601163,0.539633
5307,0.17911,0.379513,0.446348,0.53734
5308,0.34123,0.829572,0.68803,0.486489
5309,0.880143,0.448564,0.453909,0.542606
5310,0.187019,0.559854,0.635656,0.499275
5311,0.634004,0.055637,0.530715,0.513073
5312,0.49938,0.856129,0.538643,0.504999
5313,0.114243,0.54229,0.415315,0.468106
5314,0.993927,0.710941,0.604102,0.510933
5315,0.658821,0.711846,0.67624,0.484642
5316,0.856104,0.582485,0.458713,0.521616
5317,0.102258,0.399394,0.430798,0.457247
5318,0.281683,0.327579,0.544532,0.493642
5319,0.696028,0.585474,0.562444,0.519413
5320,0.247087,0.623371,0.294789,0.469107
5321,0.0531909,0.674434,0.347312,0.472005
5322,0.312711,0.692792,0.567188,0.555372
5323,0.731072,0.321401,0.454071,0.489654
5324,0.951055,0.703717,0.709542,0.550534
5325,0.955636,0.211352,0.520029,0.477804
5326,0.673851,0.419383,0.557146,0.516396
5327,0.937832,0.7446,0.560609,0.516481
5328,0.618315,0.414001,0.458725,0.479731
5329,0.147331,0.778609,0.278535,0.501479
5330,0.755752,0.640941,0.507057,0.487433
5331,0.985751,0.753846,0.573375,0.463086
5332,0.109861,0.523524,0.441766,0.513992
5333,0.801119,0.278136,0.405658,0.454224
5334,0.981447,0.606307,0.641205,0.548152
5335,0.0559633,0.386554,0.380923,0.492541
5336,0.460183,0.242084,0.45137,0.498478
5337,0.232586,0.461352,0.544342,0.419273
5338,0.309976,0.64568,0.605029,0.543355
5339,0.145261,0.228723,0.322836,0.49053
5340,0.685067,0.548295,0.62962,0.458677
5341,0.0635377,0.308397,0.442792,0.509764
5342,0.0467405,0.553554,0.393055,0.556524
5343,0.455698,0.501851,0.384916,0.497532
5344,0.820788,0.698343,0.339987,0.475925
5345,0.651338,0.323002,0.556498,0.531182
5346,0.107075,0.581262,0.556301,0.493963
5347,0.622785,0.776329,0.747235,0.505919
5348,0.658841,0.16355,0.37621,0.533253
5349,0.0376669,0.20959,0.498543,0.496388
5350,0.999886,0.227349,0.513862,0.490371
5351,0.744137,0.451438,0.540077,0.480369
5352,0.0429861,0.452056,0.402466,0.538837
5353,0.920846,0.56335,0.305121,0.498491
5354,0.726723,0.697232,0.601081,0.463948
5355,0.119506,0.706503,0.498559,0.487439
5356,0.391175,0.545608,0.369591,0.49887
5357,0.971826,0.337642,0.587118,0.453983
5358,0.237432,0.176879,0.689567,0.53386
5359,0.257343,0.554195,0.479085,0.532472
5360,0.0185257,0.585228,0.656529,0.489902
5361,0.072107,0.163241,0.684329,0.509672
5362,0.161741,0.3935,0.445968,0.505694
5363,0.96629,0.59131,0.341873,0.486599
5364,0.749771,0.0906514,0.484673,0.504414
5365,0.848018,0.475079,0.527134,0.553369
5366,0.268261,0.346721,0.352852,0.504313
5367,0.624876,0.407768,0.333148,0.498918
5368,0.757613,0.58142,0.347505,0.476714
5369,0.0243361,0.436432,0.42946,0.518861
5370,0.916214,0.676357,0.555013,0.423726
5371,0.370412,0.431923,0.525146,0.491309
5372,0.240581,0.728486,0.553933,0.495964
5373,0.654443,0.607338,0.56255,0.496948
5374,0.994624,0.539992,0.538959,0.508261
5375,0.798923,0.497785,0.486489,0.466272
5376,0.809861,0.412716,0.42822,0.508493
5377,0.955933,0.640551,0.554518,0.500078
5378,0.229058,0.31995,0.485956,0.488844
5379,0.620498,0.543265,0.541684,0.478974
5380,0.795048,0.671911,0.432234,0.454161
5381,0.260672,0.648988,0.47687,0.439765
5382,0.923723,0.242304,0.505811,0.545634
5383,0.836517,0.201273,0.606055,0.478823
5384,0.265938,0.414411,0.629349,0.515697
5385,0.166027,0.605531,0.454261,0.452508
5386,0.249509,0.410115,0.568271,0.468941
5387,0.632908,0.928262,0.70841,0.505783
5388,0.719752,0.461184,0.60844,0.452405
5389,0.257727,0.728615,0.493563,0.517664
5390,0.0454751,0.231447,0.472435,0.502447
5391,0.0222071,0.715922,0.282565,0.452575
5392,0.0750703,0.508077,0.30845,0.489437
5393,0.391368,0.482427,0.586156,0.553623
5394,0.137505,0.224788,0.565691,0.486503
5395,0.990385,0.526844,0.652732,0.503499
5396,0.976218,0.596684,0.568798,0.493005
5397,0.314766,0.473194,0.493933,0.478107
5398,0.664854,0.237585,0.538346,0.497836
5399,0.654828,0.747569,0.476033,0.509036
5400,0.231943,0.329787,0.480719,0.474312
5401,0.951571,0.735045,0.573175,0.503279
5402,0.520894,0.307548,0.437027,0.500741
5403,0.828872,0.713099,0.645275,0.525241
5404,0.433301,0.611444,0.39447,0.467644
5405,0.731022,0.939741,0.596936,0.463159
5406,0.342444,0.383557,0.480067,0.521743
5407,0.995886,0.464088,0.490935,0.488487
5408,0.0173772,0.441332,0.574376,0.520007
5409,0.441375,0.891361,0.569222,0.45338
5410,0.512909,0.118221,0.505163,0.505272
5411,0.570958,0.277285,0.535301,0.496897
5412,0.0216475,0.118848,0.477877,0.512721
5413,0.926096,0.924129,0.53374,0.473014
5414,0.274558,0.224763,0.479634,0.495063
5415,0.488376,0.774648,0.513223,0.455057
5416,0.920526,0.5484,0.518412,0.513689
5417,0.971836,0.341221,0.504735,0.554055
5418,0.577318,0.796789,0.565198,0.470258
5419,0.584514,0.367661,0.540143,0.500945
5420,0.81934,0.179345,0.569911,0.519368
5421,0.613665,0.83395,0.51309,0.552376
5422,0.934511,0.422921,0.523457,0.524461
5423,0.403683,0.419086,0.623421,0.50361
5424,0.126209,0.520747,0.66028,0.477005
5425,0.18303,0.611353,0.480793,0.468744
5426,0.925153,0.354207,0.408833,0.460836
5427,0.362648,0.480412,0.409541,0.504647
5428,0.00995722,0.26366,0.522388,0.512154
5429,0.34311,0.644335,0.511836,0.4509
5430,0.599387,0.427846,0.518556,0.509619
5431,0.560554,0.652899,0.657067,0.481097
5432,0.519335,0.50551,0.525961,0.50815
5433,0.409074,0.568259,0.605862,0.496973
5434,0.835892,0.506066,0.51315,0.521699
5435,0.776188,0.574187,0.430284,0.514708
5436,0.378878,0.648562,0.667466,0.499681
5437,0.97053,0.662703,0.538251,0.472792
5438,0.501857,0.506246,0.406749,0.461074
5439,0.683954,0.989178,0.515799,0.512668
5440,0.039249,0.545883,0.27467,0.51123
5441,0.471959,0.394073,0.470053,0.474995
5442,0.317476,0.392396,0.638052,0.500597
5443,0.342477,0.749087,0.45608,0.495666
5444,0.55077,0.264829,0.478096,0.494556
5445,0.435053,0.910403,0.504053,0.539612
5446,0.774341,0.546357,0.51599,0.51232
5447,0.33293,0.509562,0.539402,0.465523
5448,0.910184,0.863485,0.46533,0.491847
5449,0.613913,0.450011,0.427598,0.51092
5450,0.853502,0.579228,0.497732,0.461552
5451,0.284348,0.668189,0.542145,0.489435
5452,0.520816,0.32567,0.380914,0.469362
5453,0.96832,0.886272,0.504325,0.474169
5454,0.0930576,0.282103,0.471617,0.470289
5455,0.125467,0.182071,0.431191,0.491113
5456,0.779858,0.333845,0.441744,0.539556
5457,0.0486832,0.786569,0.508976,0.482312
5458,0.632429,0.514899,0.417603,0.451495
5459,0.420715,0.512994,0.633488,0.458561
5460,0.194342,0.497442,0.345334,0.469551
5461,0.554455,0.809164,0.542809,0.48238
5462,0.982214,0.420293,0.4989,0.503817
5463,0.224621,0.424482,0.486107,0.538969
5464,0.116621,0.680504,0.558304,0.514563
5465,0.520366,0.0791534,0.609956,0.450675
5466,0.612624,0.516413,0.459245,0.502051
5467,0.635314,0.252471,0.400436,0.485935
5468,0.624107,0.433095,0.64994,0.443326
5469,0.0847975,0.143504,0.453338,0.533792
5470,0.103848,0.619232,0.581847,0.560149
5471,0.724044,0.827652,0.30295,0.58309
5472,0.346423,0.534353,0.507846,0.537746
5473,0.104083,0.662369,0.405557,0.52864
5474,0.0485483,0.388516,0.392006,0.501136
5475,0.812679,0.368621,0.434458,0.448835
5476,0.421643,0.172368,0.529612,0.462868
5477,0.21614,0.294005,0.656425,0.470441
5478,0.536551,0.356936,0.501825,0.485016
5479,0.682377,0.504032,0.569202,0.514489
5480,0.154201,0.250898,0.57817,0.499812
5481,0.266037,0.6057,0.71275,0.51208
5482,0.687374,0.430495,0.610981,0.527004
5483,0.710543,0.419804,0.511874,0.505355
5484,0.418635,0.721371,0.434185,0.510411
5485,0.443126,0.312657,0.553352,0.487579
5486,0.0365364,0.942023,0.563154,0.482293
5487,0.104752,0.452323,0.488926,0.481123
5488,0.1302,0.749251,0.453536,0.487114
5489,0.921148,0.417878,0.376467,0.480763
5490,0.741809,0.363049,0.547203,0.51036
5491,0.255401,0.436332,0.402585,0.526405
5492,0.0664313,0.557756,0.681755,0.506962
5493,0.334963,0.793186,0.498339,0.488729
5494,0.577275,0.76016,0.521419,0.4947
5495,0.156055,0.130086,0.481251,0.51913
5496,0.510033,0.632737,0.492329,0.468357
5497,0.884715,0.48674,0.579297,0.497609
5498,0.953878,0.60992,0.58696,0.528122
5499,0.203095,0.131106,0.445465,0.45664
5500,0.286394,0.366294,0.467123,0.500612
5501,0.263533,0.335169,0.402692,0.481437
5502,0.0791118,0.313807,0.563839,0.547488
5503,0.314338,0.601829,0.608987,0.526911
5504,0.138208,0.472085,0.451901,0.498182
5505,0.710209,0.755925,0.57601,0.507957
5506,0.58592,0.396327,0.513247,0.505364
5507,0.998811,0.271386,0.431615,0.522833
5508,0.520915,0.49326,0.38818,0.48565
5509,0.264436,0.542038,0.51308,0.498985
5510,0.168052,0.702855,0.549638,0.442512
5511,0.0341835,0.68092,0.403959,0.46629
5512,0.978164,0.378302,0.396463,0.540276
5513,0.438544,0.409274,0.629843,0.466714
5514,0.00900994,0.278572,0.503476,0.499976
5515,0.000979326,0.296022,0.531188,0.498361
5516,0.584507,0.41662,0.380401,0.452897
5517,0.924465,0.47425,0.569392,0.507231
5518,0.0431217,0.408565,0.501924,0.480576
5519,0.788587,0.409446,0.737656,0.5226
5520,0.49774,0.363374,0.61373,0.484436
5521,0.254844,0.47835,0.678249,0.492623
5522,0.705529,0.496558,0.563619,0.537515
5523,0.00116371,0.375793,0.369036,0.497611
5524,0.576529,0.462614,0.501952,0.515881
5525,0.378459,0.810905,0.385894,0.464682
5526,0.0844393,0.583091,0.451227,0.505389
5527,0.0942887,0.520903,0.542837,0.498246
5528,0.0773576,0.48307,0.680876,0.49869
5529,0.456956,0.30801,0.381611,0.475321
5530,0.961574,0.443273,0.450099,0.481698
5531,0.177063,0.602768,0.498965,0.514313
5532,0.591662,0.557922,0.38926,0.49672
5533,0.625428,0.180152,0.612708,0.497753
5534,0.699374,0.511699,0.364387,0.46294
5535,0.299298,0.706405,0.623768,0.481905
5536,0.21905,0.377205,0.460182,0.479314
5537,0.485635,0.709491,0.509183,0.522243
5538,0.296389,0.572649,0.426808,0.498974
5539,0.258362,0.357866,0.645895,0.492906
5540,0.251418,0.490182,0.605233,0.499775
5541,0.438317,0.700725,0.422877,0.522135
5542,0.0819076,0.504639,0.651114,0.525593
5543,0.522686,0.555872,0.399796,0.45822
5544,0.777835,0.568814,0.569641,0.508301
5545,0.0495535,0.400019,0.392324,0.468851
5546,0.759979,0.219569,0.525732,0.493551
5547,0.765239,0.14412,0.479792,0.56225
5548,0.179525,0.958242,0.42967,0.530362
5549,0.143696,0.734017,0.333603,0.485057
5550,0.0505315,0.690473,0.524123,0.480628
5551,0.185556,0.471429,0.508982,0.530468
5552,0.69279,0.754765,0.563567,0.449558
5553,0.598972,0.472464,0.625847,0.477057
5554,0.626559,0.583099,0.425764,0.492249
5555,0.696887,0.286363,0.454711,0.496123
5556,0.45617,0.127106,0.393748,0.480047
5557,0.487152,0.1781,0.408508,0.512153
5558,0.932773,0.522497,0.597337,0.468466
5559,0.0584133,0.151051,0.555568,0.471366
5560,0.763538,0.316476,0.573174,0.51183
5561,0.560129,0.658102,0.424105,0.483138
5562,0.720475,0.526402,0.53537,0.496504
5563,0.00253785,0.38642,0.390899,0.495116
5564,0.810686,0.46114,0.63779,0.519224
5565,0.677086,0.84215,0.601042,0.456541
5566,0.579652,0.274763,0.640252,0.516261
5567,0.674002,0.91625,0.617067,0.494814
5568,0.898736,0.400441,0.496864,0.528042
5569,0.838087,0.54009,0.639215,0.487821
5570,0.632697,0.874113,0.560866,0.501819
5571,0.560005,0.286078,0.59735,0.499666
5572,0.849368,0.292679,0.573905,0.491951
5573,0.514083,0.521754,0.587451,0.49664
5574,0.0211186,0.394015,0.365142,0.478013
5575,0.315999,0.70839,0.533808,0.514042
5576,0.956473,0.164409,0.594858,0.497519
5577,0.12901,0.644754,0.424595,0.537634
5578,0.420018,0.540308,0.563178,0.47293
5579,0.216864,0.528474,0.526819,0.464178
5580,0.964717,0.391797,0.662396,0.477192
5581,0.264975,0.352619,0.501012,0.473144
5582,0.0137544,0.78873,0.507401,0.472836
5583,0.59277,0.503998,0.485795,0.489284
5584,0.802397,0.65612,0.532614,0.509209
5585,0.553507,0.482369,0.37777,0.508039
5586,0.0255068,0.59754,0.652012,0.485931
5587,0.716966,0.421761,0.42476,0.44727
5588,0.734534,0.736569,0.563186,0.504852
5589,0.630168,0.352233,0.517492,0.484489
5590,0.784757,0.476275,0.467861,0.508463
5591,0.841748,0.200213,0.418762,0.46075
5592,0.529708,0.287629,0.532349,0.46079
5593,0.0309208,0.628602,0.522197,0.485246
5594,0.61782,0.299759,0.537505,0.546544
5595,0.0400543,0.297217,0.478245,0.533407
5596,0.593875,0.241767,0.600889,0.534209
5597,0.779754,0.766038,0.455105,0.474041
5598,0.641448,0.47405,0.51959,0.497567
5599,0.283793,0.197315,0.313352,0.49033
5600,0.916038,0.489301,0.431794,0.490243
5601,0.660115,0.832346,0.388627,0.51502
5602,0.318404,0.0992754,0.455468,0.476723
5603,0.824838,0.917251,0.490412,0.486281
5604,0.35,0.887516,0.684426,0.486569
5605,0.998396,0.416744,0.340496,0.521165
5606,0.793304,0.410325,0.640202,0.489918
5607,0.95824,0.456026,0.498376,0.508121
5608,0.13558,0.3737,0.414182,0.543203
5609,0.155536,0.405185,0.532301,0.523217
5610,0.369642,0.350279,0.403473,0.509724
5611,0.125937,0.227022,0.400535,0.464497
5612,0.71005,0.498027,0.549514,0.523169
5613,0.980903,0.712412,0.555568,0.522205
5614,0.723714,0.545317,0.414339,0.533878
5615,0.0181647,0.23309,0.491118,0.497526
5616,0.500707,0.110652,0.463305,0.471097
5617,0.108004,0.292277,0.473081,0.524158
5618,0.693461,0.168747,0.5711,0.516764
5619,0.772716,0.25668,0.439347,0.535258
5620,0.403305,0.354131,0.544624,0.443608
5621,0.259893,0.80098,0.318265,0.516346
5622,0.751428,0.232909,0.459584,0.496217
5623,0.95172,0.499389,0.504722,0.53531
5624,0.575666,0.210871,0.712303,0.491837
5625,0.497929,0.74396,0.471366,0.539395
5626,0.99891,0.820956,0.418758,0.536323
5627,0.0530881,0.469524,0.553761,0.511896
5628,0.704485,0.881925,0.458407,0.519264
5629,0.623874,0.0659305,0.363678,0.505214
5630,0.0368819,0.81825,0.462624,0.509668
5631,0.719232,0.720672,0.294695,0.500696
5632,0.385801,0.536636,0.594715,0.486501
5633,0.484309,0.401937,0.65345,0.520793
5634,0.118699,0.540108,0.55561,0.480171
5635,0.337946,0.714635,0.554688,0.496275
5636,0.201645,0.843416,0.488891,0.480404
5637,0.698532,0.239839,0.580151,0.493986
5638,0.21632,0.556311,0.371123,0.423145
5639,0.657069,0.2317,0.523603,0.580187
5640,0.639101,0.604092,0.47116,0.50221
5641,0.0260949,0.383394,0.575747,0.558282
5642,0.0886906,0.322974,0.588187,0.518106
5643,0.591964,0.180843,0.536159,0.557218
5644,0.501858,0.763683,0.38211,0.454904
5645,0.115977,0.369567,0.418321,0.505677
5646,0.0868717,0.351335,0.470309,0.509992
5647,0.298121,0.860453,0.405074,0.492511
5648,0.882765,0.612833,0.594847,0.463079
5649,0.363215,0.590975,0.368094,0.484038
5650,0.630777,0.535763,0.457405,0.546405
5651,0.484087,0.362155,0.483503,0.511291
5652,0.229964,0.262633,0.320181,0.450703
5653,0.886134,0.198884,0.429321,0.499196
5654,0.318474,0.456941,0.481916,0.465108
5655,0.995057,0.259781,0.445238,0.48069
5656,0.335785,0.634548,0.493966,0.497874
5657,0.792731,0.496039,0.422124,0.471235
5658,0.158619,0.0607919,0.452779,0.492938
5659,0.0161034,0.533064,0.532867,0.462418
5660,0.150272,0.518044,0.516163,0.553347
5661,0.711441,0.74137,0.301654,0.525652
5662,0.033765,0.741507,0.456681,0.502265
5663,0.406373,0.0796778,0.531793,0.50594
5664,0.769457,0.513574,0.48887,0.474704
5665,0.521319,0.53717,0.591482,0.506949
5666,0.197156,0.24286,0.588714,0.514872
5667,0.230276,0.0954245,0.563882,0.501969
5668,0.528239,0.270158,0.575405,0.514209
5669,0.0504454,0.898429,0.354531,0.526301
5670,0.274813,0.713279,0.490226,0.508397
5671,0.516535,0.664144,0.527874,0.470721
5672,0.251051,0.278307,0.526764,0.509805
5673,0.658474,0.545443,0.54643,0.495185
5674,0.190812,0.546596,0.448859,0.492842
5675,0.637081,0.396872,0.701819,0.5311
5676,0.948719,0.586722,0.310407,0.484143
5677,0.737859,0.434322,0.408723,0.46944
5678,0.865765,0.214519,0.475702,0.482116
5679,0.910386,0.382374,0.509979,0.475938
5680,0.821757,0.233523,0.606506,0.529198
5681,0.635526,0.752469,0.476187,0.477392
5682,0.0717915,0.113357,0.6506,0.538472
5683,0.521693,0.734054,0.475115,0.442317
5684,0.719518,0.540918,0.648578,0.501619
5685,0.908086,0.452137,0.594306,0.522453
5686,0.98325,0.533822,0.415215,0.459171
5687,0.508293,0.504796,0.546214,0.489959
5688,0.24836,0.399735,0.380928,0.468704
5689,0.493769,0.456786,0.558121,0.544267
5690,0.668852,0.808645,0.452858,0.480054
5691,0.242908,0.742192,0.418669,0.497336
5692,0.713585,0.513253,0.349623,0.473536
5693,0.846179,0.221635,0.467905,0.519113
5694,0.861606,0.650612,0.545617,0.518034
5695,0.892344,0.710261,0.343135,0.594727
5696,0.868985,0.586828,0.463968,0.529528
5697,0.580697,0.318687,0.413672,0.45402
5698,0.0584165,0.878302,0.526461,0.484197
5699,0.0308168,0.235813,0.43284,0.513531
5700,0.0402783,0.512067,0.451606,0.451173
5701,0.204644,0.291984,0.400369,0.481176
5702,0.487715,0.415632,0.492833,0.504285
5703,0.715236,0.361475,0.296543,0.526963
5704,0.246578,0.63529,0.434705,0.533357
5705,0.226569,0.0231101,0.446707,0.478718
5706,0.293888,0.48414,0.427436,0.479204
5707,0.619561,0.303733,0.302631,0.551366
5708,0.285758,0.715888,0.392128,0.552944
5709,0.776455,0.279359,0.359061,0.487169
5710,0.880484,0.186111,0.352534,0.492904
5711,0.482319,0.111527,0.663561,0.480058
5712,0.849681,0.729462,0.520273,0.5026
5713,0.944193,0.194741,0.510756,0.511692
5714,0.595483,0.666951,0.459679,0.46892
5715,0.31915,0.574692,0.451033,0.450399
5716,0.22467,0.374502,0.503346,0.499838
5717,0.704116,0.551484,0.347234,0.490223
5718,0.602745,0.774135,0.403492,0.483078
5719,0.233587,0.705181,0.430409,0.474938
5720,0.298397,0.683318,0.554445,0.478155
5721,0.603046,0.969024,0.677369,0.545427
5722,0.0419302,0.687241,0.484548,0.513744
5723,0.835326,0.55829,0.445092,0.491566
5724,0.87989,0.264145,0.556954,0.498637
5725,0.631524,0.238182,0.576269,0.480678
5726,0.518557,0.531573,0.593607,0.560581
5727,0.326245,0.514336,0.482273,0.485836
5728,0.844309,0.220383,0.348539,0.468787
5729,0.874546,0.517288,0.378625,0.490746
5730,0.0768177,0.721335,0.53101,0.518493
5731,0.289104,0.329173,0.392724,0.488664
5732,0.594201,0.575862,0.537561,0.502261
5733,0.869878,0.579032,0.434793,0.418105
5734,0.48667,0.48478,0.397158,0.528257
5735,0.629797,0.397885,0.488747,0.509551
5736,0.696472,0.515486,0.676128,0.472911
5737,0.0284945,0.593747,0.372582,0.484512
5738,0.726389,0.542853,0.681078,0.454746
5739,0.467646,0.0606973,0.562897,0.532039
5740,0.377398,0.424654,0.45024,0.455739
5741,0.150809,0.576295,0.582007,0.461298
5742,0.67109,0.147118,0.425433,0.485616
5743,0.994438,0.401951,0.5003,0.504458
5744,0.561464,0.637142,0.562897,0.485321
5745,0.881404,0.316648,0.531273,0.494473
5746,0.322063,0.0969227,0.451364,0.508285
5747,0.355736,0.527575,0.531302,0.532705
5748,0.204426,0.600619,0.420402,0.510609
5749,0.979362,0.253256,0.530819,0.503687
5750,0.452478,0.477192,0.681478,0.504
5751,0.839851,0.61728,0.408318,0.548148
5752,0.33383,0.0254634,0.487818,0.488097
5753,0.355637,0.415379,0.37659,0.486293
5754,0.729926,0.776806,0.562664,0.540207
5755,0.452173,0.185291,0.498149,0.485229
5756,0.164739,0.741909,0.52145,0.499687
5757,0.976426,0.525198,0.399672,0.535536
5758,0.539299,0.915554,0.583317,0.484265
5759,0.135356,0.18634,0.553232,0.480269
5760,0.254124,0.261554,0.441652,0.506658
5761,0.70398,0.569886,0.490233,0.489188
5762,0.610955,0.739982,0.585589,0.533271
5763,0.268022,0.79736,0.344301,0.502911
5764,0.400214,0.792897,0.468031,0.498423
5765,0.914646,0.272244,0.500218,0.493204
5766,0.805407,0.522433,0.638567,0.549392
5767,0.903656,0.503463,0.472338,0.47978
5768,0.0451067,0.630493,0.453676,0.448631
5769,0.987491,0.238262,0.499618,0.523047
5770,0.0696794,0.253065,0.471347,0.532965
5771,0.73368,0.319772,0.486436,0.468908
5772,0.618544,0.419556,0.440062,0.538259
5773,0.403802,0.660314,0.591299,0.489624
5774,0.620963,0.453941,0.53699,0.45489
5775,0.679289,0.577147,0.560897,0.473486
5776,0.542516,0.35106,0.587296,0.564956
5777,0.865145,0.512927,0.49249,0.531256
5778,0.195511,0.332283,0.522881,0.505817
5779,0.00935138,0.365265,0.561519,0.502136
5780,0.631136,0.48764,0.455016,0.511607
5781,0.371132,0.588521,0.467936,0.499099
5782,0.996337,0.854012,0.336083,0.485342
5783,0.0891965,0.324412,0.377168,0.49538
5784,0.155189,0.84146,0.520144,0.489322
5785,0.162009,0.565319,0.538697,0.48991
5786,0.459926,0.348578,0.432653,0.475371
5787,0.398559,0.558328,0.415327,0.516929
5788,0.839168,0.767848,0.583331,0.527313
5789,0.608957,0.348299,0.467365,0.453395
5790,0.723859,0.704195,0.648446,0.475908
5791,0.896657,0.242896,0.454038,0.42398
5792,0.120172,0.51142,0.36402,0.553786
5793,0.0284012,0.633581,0.598435,0.495464
5794,0.704183,0.793753,0.609459,0.549269
5795,0.706933,0.45514,0.689371,0.450589
5796,0.878557,0.715757,0.404125,0.509684
5797,0.7265,0.161656,0.462375,0.515025
5798,0.88004,0.263254,0.598217,0.483074
5799,0.461158,0.457139,0.586949,0.457489
5800,0.961815,0.317094,0.444936,0.495125
5801,0.78566,0.27723,0.471976,0.529302
5802,0.536243,0.5564,0.537761,0.498831
5803,0.468562,0.440908,0.595034,0.533115
5804,0.734203,0.482886,0.425762,0.503342
5805,0.844677,0.722912,0.475544,0.477524
5806,0.541092,0.443381,0.497492,0.499378
5807,0.615619,0.561308,0.549867,0.514288
5808,0.819713,0.686332,0.453342,0.488196
5809,0.774881,0.267345,0.496752,0.529098
5810,0.352041,0.833725,0.559112,0.52548
5811,0.979802,0.13037,0.433322,0.498563
5812,0.545977,0.748864,0.648138,0.460446
5813,0.312132,0.700367,0.486206,0.541419
5814,0.367349,0.809664,0.502216,0.532354
5815,0.448685,0.481385,0.448044,0.498896
5816,0.378693,0.417933,0.489454,0.459302
5817,0.683157,0.500333,0.52339,0.453255
5818,0.905233,0.707709,0.436342,0.496352
5819,0.0354902,0.785503,0.463104,0.467651
5820,0.0535428,0.523265,0.320922,0.565984
5821,0.597734,0.36133,0.415293,0.478514
5822,0.827371,0.854302,0.640647,0.508374
5823,0.403662,0.755604,0.548374,0.481225
5824,0.0149459,0.279635,0.568468,0.494263
5825,0.917588,0.217868,0.403096,0.556113
5826,0.371052,0.441383,0.457258,0.474394
5827,0.655109,0.627744,0.440309,0.476345
5828,0.164198,0.749249,0.454311,0.541103
5829,0.329183,0.0660098,0.461452,0.485997
5830,0.260313,0.2869,0.566068,0.447541
5831,0.466976,0.682751,0.535178,0.49957
5832,0.46571,0.775656,0.415257,0.492639
5833,0.630501,0.585123,0.394575,0.528019
5834,0.183863,0.703354,0.455735,0.536198
5835,0.91651,0.160333,0.445021,0.51537
5836,0.477541,0.34977,0.466211,0.473613
5837,0.199362,0.332771,0.625146,0.525803
5838,0.715305,0.297017,0.469028,0.496265
5839,0.0178714,0.713668,0.421258,0.485477
5840,0.835825,0.425695,0.568025,0.521246
5841,0.970051,0.323953,0.349446,0.455766
5842,0.574509,0.706054,0.574128,0.503823
5843,0.282388,0.729662,0.282992,0.440705
5844,0.762869,0.790691,0.502106,0.509087
5845,0.151498,0.509309,0.595705,0.493562
5846,0.559395,0.584994,0.492983,0.509618
5847,0.147401,0.762118,0.601135,0.481253
5848,0.0727867,0.893434,0.52521,0.466826
5849,0.0385476,0.617217,0.660882,0.455311
5850,0.692509,0.645533,0.462058,0.504808
5851,0.509788,0.542787,0.492588,0.49529
5852,0.359834,0.293724,0.441207,0.505123
5853,0.881158,0.29131,0.489584,0.545363
5854,0.210771,0.421916,0.530817,0.466019
5855,0.928566,0.786949,0.465363,0.518547
5856,0.172837,0.423614,0.409783,0.509478
5857,0.886591,0.394957,0.461014,0.520081
5858,0.469684,0.357947,0.502712,0.517529
5859,0.375479,0.221545,0.507738,0.477339
5860,0.259976,0.515751,0.40482,0.525611
5861,0.257557,0.412223,0.516372,0.44949
5862,0.0317802,0.589431,0.338272,0.462305
5863,0.230825,0.548244,0.5019,0.529104
5864,0.323938,0.292907,0.589936,0.435132
5865,0.654264,0.382671,0.428387,0.504598
5866,0.965728,0.260259,0.578886,0.487079
5867,0.030133,0.712016,0.421974,0.510792
5868,0.226386,0.319622,0.410233,0.531042
5869,0.768615,0.284759,0.712362,0.474167
5870,0.40643,0.764963,0.483972,0.527662
5871,0.220982,0.865974,0.692492,0.496427
5872,0.947383,0.350879,0.484989,0.44711
5873,0.691373,0.436484,0.517567,0.514538
5874,0.832758,0.419987,0.537086,0.499739
5875,0.811808,0.481319,0.668192,0.488618
5876,0.720836,0.695162,0.565734,0.525112
5877,0.533635,0.706813,0.5198,0.511276
5878,0.329857,0.257723,0.564272,0.460402
5879,0.678827,0.510408,0.469111,0.459748
5880,0.168115,0.723412,0.60019,0.573505
5881,0.146882,0.209506,0.448754,0.540775
5882,0.744857,0.501211,0.479128,0.472152
5883,0.804324,0.922041,0.373283,0.519802
5884,0.632331,0.447689,0.27975,0.4871
5885,0.804458,0.451488,0.503167,0.519907
5886,0.452431,0.465755,0.44477,0.532022
5887,0.679701,0.529343,0.627469,0.469377
5888,0.624715,0.372087,0.473942,0.468844
5889,0.11345,0.0882298,0.496055,0.496335
5890,0.160089,0.361349,0.606733,0.464229
5891,0.318691,0.747864,0.466323,0.526052
5892,0.838169,0.454947,0.359412,0.543723
5893,0.190363,0.642979,0.582185,0.482508
5894,0.448925,0.514097,0.448933,0.538454
5895,0.0575051,0.367984,0.301703,0.465124
5896,0.72337,0.449098,0.585794,0.465215
5897,0.946119,0.607345,0.488843,0.531618
5898,0.616479,0.725612,0.465719,0.512813
5899,0.805825,0.402249,0.513543,0.444367
5900,0.478156,0.601961,0.501212,0.49337
5901,0.0939787,0.277055,0.524478,0.530318
5902,0.823398,0.248995,0.497839,0.448869
5903,0.360498,0.563092,0.586332,0.517183
5904,0.445979,0.258352,0.463439,0.499762
5905,0.844964,0.695864,0.591412,0.514628
5906,0.909899,0.643331,0.482512,0.506084
5907,0.476376,0.615287,0.522819,0.476815
5908,0.484792,0.936882,0.428765,0.509867
5909,0.034883,0.576959,0.479108,0.533649
5910,0.813206,0.602922,0.61369,0.457903
5911,0.748544,0.593804,0.448619,0.461494
5912,0.640932,0.629546,0.441741,0.52216
5913,0.199666,0.627009,0.551923,0.51939
5914,0.960829,0.332752,0.456751,0.486652
5915,0.108562,0.732164,0.404973,0.48898
5916,0.386799,0.649537,0.510003,0.512106
5917,0.664556,0.0825335,0.54551,0.496514
5918,0.920728,0.810031,0.533279,0.517591
5919,0.45431,0.147287,0.506527,0.489264
5920,0.35595,0.633041,0.566704,0.517403
5921,0.539716,0.938816,0.512405,0.487098
5922,0.94841,0.548185,0.469875,0.504277
5923,0.167482,0.799899,0.698693,0.483721
5924,0.690512,0.157936,0.488521,0.560125
5925,0.34078,0.452447,0.460597,0.504002
5926,0.77921,0.541501,0.536248,0.520819
5927,0.0422498,0.608205,0.454452,0.502997
5928,0.21573,0.809519,0.502111,0.465979
5929,0.217128,0.361964,0.447374,0.470975
5930,0.374197,0.255783,0.490686,0.467088
5931,0.43946,0.637357,0.360406,0.527044
5932,0.243232,0.896618,0.391085,0.517419
5933,0.131547,0.416396,0.350113,0.454676
5934,0.549286,0.74506,0.476516,0.50852
5935,0.748004,0.506731,0.400978,0.519012
5936,0.103,0.459444,0.486433,0.525182
5937,0.169269,0.435851,0.349403,0.467235
5938,0.114529,0.181532,0.404956,0.553179
5939,0.90255,0.726777,0.389995,0.458019
5940,0.894778,0.334311,0.625705,0.563492
5941,0.0579805,0.146216,0.528582,0.51923
5942,0.845524,0.312857,0.4139,0.528352
5943,0.667227,0.460618,0.539912,0.479117
5944,0.46995,0.533467,0.402408,0.482076
5945,0.267594,0.513488,0.60575,0.530902
5946,0.229389,0.697409,0.467243,0.522397
5947,0.509416,0.253369,0.507747,0.494853
5948,0.498066,0.306948,0.561978,0.49989
5949,0.262738,0.521845,0.545492,0.510494
5950,0.307554,0.666644,0.476496,0.493039
5951,0.48663,0.322658,0.507905,0.531732
5952,0.48787,0.786022,0.461587,0.490303
5953,0.853791,0.750295,0.610955,0.516712
5954,0.317113,0.538985,0.469184,0.461129
5955,0.951367,0.482776,0.417486,0.464392
5956,0.826646,0.435706,0.587778,0.527138
5957,0.604803,0.350122,0.463612,0.508811
5958,0.358078,0.43913,0.543017,0.502028
5959,0.811386,0.795581,0.588972,0.52544
5960,0.936165,0.600414,0.370949,0.52969
5961,0.0980417,0.941431,0.436076,0.521658
5962,0.538323,0.500101,0.339622,0.510855
5963,0.302409,0.404535,0.485342,0.552444
5964,0.33677,0.708308,0.563703,0.499271
5965,0.933544,0.551451,0.518649,0.550726
5966,0.430289,0.145151,0.317866,0.530597
5967,0.941861,0.70229,0.408281,0.485564
5968,0.237811,0.264841,0.538539,0.529273
5969,0.784808,0.716802,0.626029,0.497217
5970,0.0788929,0.527606,0.538013,0.554191
5971,0.709773,0.182876,0.433168,0.507522
5972,0.86363,0.735433,0.449034,0.48682
5973,0.984351,0.66135,0.44772,0.467791
5974,0.999968,0.576216,0.580313,0.446004
5975,0.188972,0.900056,0.614591,0.50708
5976,0.366626,0.474849,0.589939,0.561139
5977,0.0397465,0.62245,0.422262,0.495638
5978,0.780797,0.541452,0.573659,0.520142
5979,0.00241995,0.444571,0.290128,0.490718
5980,0.316049,0.752661,0.650301,0.51838
5981,0.46514,0.700987,0.487388,0.55625
5982,0.122762,0.616747,0.422743,0.510742
5983,0.491285,0.503124,0.582776,0.444756
5984,0.482653,0.458827,0.507218,0.554149
5985,0.357074,0.511523,0.308808,0.486127
5986,0.941116,0.332825,0.67941,0.513224
5987,0.23163,0.29673,0.565522,0.509605
5988,0.221,0.621999,0.545906,0.48505
5989,0.467433,0.552797,0.530305,0.48723
5990,0.854874,0.270271,0.551533,0.518426
5991,0.208307,0.628915,0.474862,0.474148
5992,0.0952477,0.869251,0.466839,0.503357
5993,0.0698978,0.437588,0.555495,0.553135
5994,0.863519,0.54531,0.589554,0.499106
5995,0.737864,0.205805,0.600438,0.484198
5996,0.568944,0.395584,0.467573,0.551323
5997,0.837717,0.434322,0.292785,0.460989
5998,0.925636,0.398567,0.407715,0.468324
5999,0.513259,0.808838,0.580089,0.484666
6000,0.309365,0.453462,0.642871,0.442649
6001,0.126727,0.387562,0.382912,0.550393
6002,0.64297,0.521437,0.717732,0.522379
6003,0.355629,0.482292,0.525352,0.528188
6004,0.823081,0.937801,0.371784,0.48015
6005,0.584198,0.395451,0.583901,0.437696
6006,0.333165,0.516706,0.373169,0.509993
6007,0.79492,0.505474,0.711486,0.478631
6008,0.278882,0.513869,0.456668,0.484846
6009,0.695598,0.711071,0.699502,0.520715
6010,0.87344,0.199305,0.501792,0.460031
6011,0.823208,0.603921,0.395344,0.568787
6012,0.180225,0.160618,0.41164,0.479175
6013,0.771047,0.471255,0.679988,0.491072
6014,0.149547,0.95169,0.661687,0.469964
6015,0.901997,0.85368,0.468527,0.497869
6016,0.371665,0.788556,0.494054,0.435232
6017,0.712928,0.497586,0.56191,0.593013
6018,0.489847,0.771316,0.478597,0.527171
6019,0.356643,0.473406,0.394096,0.473703
6020,0.208123,0.610535,0.521988,0.509331
6021,0.666676,0.704651,0.696723,0.560195
6022,0.749718,0.262296,0.452844,0.507872
6023,0.924764,0.29396,0.48243,0.462064
6024,0.744417,0.629379,0.575854,0.531182
6025,0.0274394,0.422203,0.48554,0.504378
6026,0.789465,0.4694,0.572884,0.489532
6027,0.677475,0.445105,0.59241,0.493918
6028,0.833632,0.454154,0.557972,0.50622
6029,0.164541,0.710167,0.414215,0.478622
6030,0.918445,0.0325384,0.410204,0.479932
6031,0.507584,0.692214,0.442713,0.470738
6032,0.0312546,0.725702,0.357503,0.492302
6033,0.260173,0.725475,0.38301,0.506467
6034,0.824512,0.618456,0.530394,0.490221
6035,0.551304,0.0682177,0.416481,0.526072
6036,0.318307,0.342958,0.479503,0.488896
6037,0.68441,0.282093,0.448845,0.458909
6038,0.842552,0.491028,0.533982,0.463072
6039,0.422204,0.340761,0.56065,0.493375
6040,0.668271,0.618054,0.348267,0.502185
6041,0.909842,0.512236,0.434006,0.521867
6042,0.8166,0.502078,0.596545,0.526188
6043,0.0993109,0.482446,0.425717,0.478463
6044,0.33253,0.696475,0.351502,0.439915
6045,0.889003,0.257357,0.678841,0.464536
6046,0.860769,0.373335,0.731876,0.543562
6047,0.305607,0.411313,0.357291,0.479888
6048,0.00722402,0.867055,0.580482,0.52463
6049,0.578453,0.448875,0.490804,0.507493
6050,0.0152457,0.611972,0.338049,0.502818
6051,0.787481,0.765293,0.419401,0.439763
6052,0.526441,0.126624,0.532117,0.514721
6053,0.61536,0.42547,0.418904,0.490105
6054,0.0213074,0.534321,0.550388,0.509414
6055,0.0774609,0.481367,0.470755,0.486258
6056,0.814858,0.489057,0.424048,0.513881
6057,0.475342,0.708075,0.499524,0.4785
6058,0.506595,0.504819,0.525951,0.503057
6059,0.0783056,0.268494,0.48606,0.549776
6060,0.0955375,0.534592,0.548436,0.457658
6061,0.422237,0.234948,0.502432,0.524632
6062,0.987508,0.532234,0.492521,0.476302
6063,0.601091,0.181251,0.359519,0.487836
6064,0.0102026,0.141055,0.531254,0.500143
6065,0.578469,0.654531,0.567927,0.457575
6066,0.875009,0.767691,0.544665,0.540415
6067,0.24737,0.594323,0.478892,0.506662
6068,0.75091,0.845225,0.711581,0.476113
6069,0.0942838,0.37761,0.468195,0.541621
6070,0.63465,0.246225,0.556368,0.532219
6071,0.638202,0.309845,0.435485,0.565474
6072,0.560567,0.533495,0.511875,0.528395
6073,0.99002,0.784716,0.336403,0.510906
6074,0.329154,0.495454,0.462676,0.493187
6075,0.822262,0.350822,0.545173,0.495244
6076,0.228698,0.402488,0.500415,0.483523
6077,0.320735,0.539228,0.561615,0.523545
6078,0.796213,0.553754,0.562665,0.536567
6079,0.0714101,0.442789,0.4926,0.517275
6080,0.337812,0.670717,0.378292,0.520188
6081,0.119069,0.32829,0.409519,0.453513
6082,0.925705,0.710944,0.596674,0.490185
6083,0.493859,0.188272,0.557073,0.516151
6084,0.0104577,0.733144,0.345412,0.48619
6085,0.580759,0.68699,0.649028,0.507258
6086,0.0456616,0.684245,0.298009,0.514834
6087,0.729966,0.60775,0.603876,0.481438
6088,0.429823,0.264854,0.565272,0.494876
6089,0.357253,0.68827,0.581324,0.503032
6090,0.857766,0.311054,0.521963,0.506245
6091,0.180089,0.357492,0.485854,0.505726
6092,0.275747,0.694403,0.571621,0.458065
6093,0.0195969,0.221307,0.506653,0.520734
6094,0.140023,0.580142,0.48401,0.480479
6095,0.952897,0.527125,0.44165,0.513319
6096,0.907986,0.540113,0.418848,0.458413
6097,0.884112,0.541623,0.438363,0.502465
6098,0.421597,0.399196,0.42812,0.428758
6099,0.189874,0.64387,0.430938,0.481751
6100,0.270333,0.454875,0.611966,0.501894
6101,0.789056,0.651504,0.484233,0.500502
6102,0.804272,0.436403,0.491247,0.481127
6103,0.260105,0.729325,0.532992,0.502471
6104,0.369809,0.640437,0.463605,0.504602
6105,0.146975,0.441462,0.650142,0.498802
6106,0.234219,0.766961,0.389922,0.534401
6107,0.140016,0.519276,0.459889,0.450248
6108,0.248043,0.316777,0.479477,0.464323
6109,0.95289,0.661966,0.456594,0.452989
6110,0.900778,0.554289,0.650506,0.456639
6111,0.175796,0.505567,0.494165,0.513109
6112,0.706718,0.474673,0.397525,0.515368
6113,0.405926,0.656567,0.457569,0.525822
6114,0.545942,0.315137,0.519694,0.538279
6115,0.420382,0.717297,0.634863,0.533712
6116,0.931394,0.5709,0.389415,0.496774
6117,0.622033,0.51736,0.264683,0.521915
6118,0.705801,0.23516,0.472345,0.512074
6119,0.359938,0.239882,0.395099,0.534092
6120,0.49038,0.579432,0.528371,0.503372
6121,0.517646,0.753477,0.545673,0.485807
6122,0.075872,0.356589,0.688309,0.515581
6123,0.58281,0.675535,0.495619,0.531338
6124,0.0357287,0.384482,0.449549,0.523157
6125,0.486632,0.712564,0.610881,0.53781
6126,0.00525386,0.654822,0.369648,0.489065
6127,0.752282,0.0658346,0.486863,0.522141
6128,0.1268,0.450934,0.45545,0.501977
6129,0.852578,0.570941,0.537682,0.486294
6130,0.694905,0.520851,0.348153,0.508891
6131,0.0467441,0.401957,0.438716,0.536933
6132,0.813716,0.655678,0.489239,0.489649
6133,0.351249,0.604973,0.611707,0.494582
6134,0.0246746,0.498835,0.586414,0.534562
6135,0.419798,0.604227,0.482144,0.494733
6136,0.495768,0.293243,0.615425,0.534326
6137,0.898104,0.256024,0.673341,0.584386
6138,0.489728,0.382622,0.362494,0.522217
6139,0.969684,0.310602,0.577052,0.540365
6140,0.801672,0.326965,0.475285,0.541032
6141,0.65658,0.473893,0.52429,0.512023
6142,0.823618,0.104,0.569618,0.456392
6143,0.222213,0.711834,0.510781,0.526697
6144,0.174119,0.251348,0.6507,0.494979
6145,0.696107,0.425729,0.53509,0.502588
6146,0.262814,0.4637,0.541743,0.505785
6147,0.0231038,0.9352,0.483431,0.543569
6148,0.986261,0.333353,0.464864,0.472291
6149,0.285479,0.533741,0.45127,0.511997
6150,0.712366,0.441135,0.579587,0.560533
6151,0.271663,0.722014,0.479436,0.517239
6152,0.534607,0.443693,0.423748,0.5043
6153,0.796489,0.287495,0.561567,0.566487
6154,0.357389,0.910238,0.408243,0.453626
6155,0.144589,0.667565,0.516374,0.482265
6156,0.459765,0.669931,0.473215,0.513372
6157,0.203022,0.384839,0.692075,0.500017
6158,0.489135,0.489038,0.517907,0.505488
6159,0.461306,0.583801,0.646499,0.511765
6160,0.018062,0.479794,0.59058,0.537487
6161,0.87894,0.696487,0.438606,0.426049
6162,0.842829,0.424539,0.457253,0.498931
6163,0.104502,0.280881,0.49593,0.489721
6164,0.294193,0.496814,0.686077,0.489248
6165,0.669825,0.717569,0.446798,0.452749
6166,0.848645,0.889429,0.460492,0.504597
6167,0.0740547,0.606889,0.380382,0.515532
6168,0.694863,0.644739,0.261408,0.476864
6169,0.603436,0.6471,0.583761,0.538682
6170,0.554945,0.432971,0.452952,0.480131
6171,0.930572,0.486314,0.541751,0.509032
6172,0.839136,0.758187,0.724232,0.506631
6173,0.894746,0.292742,0.392187,0.55598
6174,0.178208,0.73748,0.617032,0.487599
6175,0.656437,0.195674,0.601361,0.463799
6176,0.862606,0.553398,0.416407,0.477775
6177,0.595656,0.590665,0.541095,0.483635
6178,0.257067,0.498889,0.594326,0.483625
6179,0.876397,0.634618,0.305268,0.485562
6180,0.935372,0.975728,0.469835,0.512923
6181,0.0575958,0.303022,0.537521,0.486394
6182,0.135171,0.452382,0.396621,0.518236
6183,0.953901,0.50632,0.514168,0.475824
6184,0.870222,0.323314,0.409307,0.515139
6185,0.756715,0.240838,0.578809,0.5037
6186,0.27186,0.641853,0.306941,0.557055
6187,0.699886,0.912735,0.422282,0.51133
6188,0.635826,0.185268,0.491582,0.462171
6189,0.634388,0.677307,0.431459,0.4745
6190,0.88981,0.887259,0.442981,0.52514
6191,0.752731,0.386589,0.520579,0.517712
6192,0.614646,0.186306,0.481395,0.529423
6193,0.307299,0.172711,0.333033,0.421606
6194,0.330262,0.501698,0.662653,0.509968
6195,0.535293,0.498632,0.38187,0.478295
6196,0.937619,0.419172,0.558088,0.497051
6197,0.897162,0.721977,0.429203,0.494881
6198,0.720522,0.677582,0.411256,0.518725
6199,0.960038,0.758964,0.558247,0.431738
6200,0.224503,0.454928,0.523368,0.48755
6201,0.13451,0.541203,0.466911,0.484867
6202,0.0929226,0.188448,0.50045,0.47672
6203,0.597545,0.625916,0.651991,0.537635
6204,0.753523,0.695482,0.60619,0.455106
6205,0.337331,0.699969,0.542607,0.473907
6206,0.763357,0.292048,0.592006,0.497276
6207,0.177153,0.28335,0.444085,0.517482
6208,0.326133,0.381017,0.562287,0.44594
6209,0.105418,0.13883,0.614855,0.544304
6210,0.821023,0.686307,0.517665,0.479403
6211,0.350142,0.873046,0.521742,0.547302
6212,0.888291,0.158494,0.533263,0.491681
6213,0.57596,0.530658,0.584148,0.493909
6214,0.145695,0.339786,0.346538,0.50089
6215,0.38305,0.186466,0.407528,0.512724
6216,0.98065,0.689647,0.515769,0.529612
6217,0.0445204,0.782469,0.657669,0.477814
6218,0.00731838,0.332407,0.421941,0.49656
6219,0.59801,0.230249,0.214724,0.47024
6220,0.134876,0.323993,0.609942,0.521218
6221,0.076364,0.250563,0.278949,0.506744
6222,0.47411,0.402546,0.501393,0.522396
6223,0.143266,0.0707648,0.681016,0.45972
6224,0.886564,0.442917,0.545353,0.493006
6225,0.0430288,0.66328,0.424985,0.502395
6226,0.424741,0.668249,0.580366,0.516443
6227,0.234231,0.610508,0.697524,0.510869
6228,0.767741,0.316016,0.66201,0.502805
6229,0.663834,0.206918,0.557341,0.478595
6230,0.699161,0.500399,0.458336,0.489842
6231,0.996124,0.316553,0.572119,0.485142
6232,0.760878,0.38408,0.455859,0.524891
6233,0.676078,0.313461,0.44727,0.443846
6234,0.00889015,0.364173,0.573358,0.501488
6235,0.0746901,0.4593,0.651832,0.447537
6236,0.684987,0.540554,0.647557,0.545068
6237,0.484263,0.663188,0.353698,0.541721
6238,0.745145,0.764315,0.609825,0.495629
6239,0.341857,0.86672,0.473688,0.539606
6240,0.942419,0.533623,0.527376,0.531434
6241,0.549684,0.738074,0.580408,0.494943
6242,0.262211,0.444515,0.356912,0.523709
6243,0.357222,0.48102,0.398269,0.463855
6244,0.238223,0.425223,0.457842,0.459742
6245,0.597914,0.0776459,0.625614,0.56782
6246,0.970518,0.478822,0.608522,0.482797
6247,0.271618,0.734303,0.675515,0.485383
6248,0.204525,0.554996,0.53137,0.488258
6249,0.382463,0.529661,0.301673,0.539325
6250,0.451647,0.193453,0.357945,0.538633
6251,0.0619486,0.238318,0.654507,0.501925
6252,0.388622,0.162545,0.497657,0.492442
6253,0.906498,0.773131,0.570709,0.461546
6254,0.514966,0.372798,0.42298,0.519502
6255,0.322118,0.498864,0.522963,0.488542
6256,0.520074,0.778781,0.67225,0.483993
6257,0.547831,0.427965,0.526673,0.489707
6258,0.768046,0.898894,0.47358,0.508398
6259,0.227048,0.493854,0.479811,0.475688
6260,0.239802,0.828034,0.653305,0.483418
6261,0.551203,0.548183,0.556694,0.451631
6262,0.89183,0.376294,0.620286,0.538111
6263,0.128025,0.358464,0.625099,0.484408
6264,0.0901793,0.270198,0.410561,0.544569
6265,0.660609,0.306537,0.522639,0.535463
6266,0.824583,0.49409,0.516261,0.52258
6267,0.889303,0.652267,0.602656,0.472728
6268,0.22271,0.802907,0.433685,0.520244
6269,0.296256,0.486735,0.493556,0.500994
6270,0.799817,0.52613,0.549966,0.535888
6271,0.368058,0.479777,0.346857,0.50292
6272,0.328777,0.445919,0.463829,0.489222
6273,0.387658,0.462591,0.694189,0.486016
6274,0.392922,0.684028,0.542739,0.458317
6275,0.171335,0.523414,0.547609,0.508051
6276,0.244837,0.614819,0.472288,0.478658
6277,0.727069,0.80561,0.665032,0.556076
6278,0.055682,0.292838,0.462112,0.509661
6279,0.262013,0.43969,0.626831,0.543076
6280,0.688637,0.492274,0.44592,0.485878
6281,0.19538,0.355975,0.593516,0.472881
6282,0.109874,0.795956,0.426013,0.519224
6283,0.367504,0.366245,0.472184,0.463502
6284,0.965697,0.118624,0.505271,0.486962
6285,0.34395,0.53608,0.499823,0.479605
6286,0.789764,0.816389,0.576245,0.467348
6287,0.174853,0.477499,0.544278,0.443358
6288,0.220236,0.208007,0.595627,0.495335
6289,0.217604,0.587655,0.657696,0.464615
6290,0.0337338,0.370797,0.575445,0.515602
6291,0.64806,0.285933,0.493936,0.481648
6292,0.0225886,0.872748,0.393109,0.513611
6293,0.821831,0.167787,0.401263,0.479849
6294,0.599047,0.877963,0.526041,0.484692
6295,0.620242,0.57759,0.616004,0.547642
6296,0.573261,0.39086,0.560029,0.500333
6297,0.835614,0.42767,0.501617,0.525329
6298,0.388508,0.414488,0.481329,0.526382
6299,0.20618,0.545176,0.532555,0.563099
6300,0.505306,0.625361,0.530684,0.456845
6301,0.833421,0.590351,0.46746,0.513363
6302,0.217597,0.399892,0.538642,0.476011
6303,0.1298,0.578306,0.635768,0.513797
6304,0.781385,0.508324,0.438021,0.487378
6305,0.907729,0.597003,0.495788,0.478842
6306,0.605717,0.755672,0.456307,0.476243
6307,0.315112,0.713874,0.511286,0.491412
6308,0.265529,0.508126,0.492991,0.529447
6309,0.897619,0.250023,0.522188,0.527108
6310,0.442,0.355716,0.465844,0.453254
6311,0.0656377,0.553434,0.575939,0.514792
6312,0.614303,0.139027,0.454251,0.515857
6313,0.869114,0.277375,0.534099,0.516923
6314,0.857413,0.608501,0.467111,0.499272
6315,0.842742,0.319639,0.356513,0.469864
6316,0.746281,0.843893,0.591001,0.510894
6317,0.717011,0.895776,0.340107,0.549753
6318,0.539631,0.687169,0.56809,0.488104
6319,0.502579,0.638579,0.653118,0.479822
6320,0.536898,0.542279,0.52356,0.490724
6321,0.143126,0.4675,0.347355,0.511525
6322,0.670601,0.716635,0.396218,0.533552
6323,0.288451,0.274913,0.403878,0.43954
6324,0.928905,0.408318,0.464568,0.493437
6325,0.407701,0.621247,0.488153,0.500859
6326,0.170356,0.664734,0.460738,0.487357
6327,0.79281,0.275421,0.516493,0.545594
6328,0.383739,0.209433,0.480827,0.511753
6329,0.463779,0.823855,0.544198,0.487282
6330,0.92215,0.356893,0.344065,0.51899
6331,0.362225,0.344718,0.463843,0.478348
6332,0.719661,0.543941,0.616596,0.507813
6333,0.90169,0.115997,0.618242,0.530562
6334,0.967448,0.593247,0.565721,0.46226
6335,0.349501,0.522679,0.449737,0.435588
6336,0.737995,0.371787,0.591019,0.504063
6337,0.804561,0.518553,0.36183,0.501958
6338,0.534857,0.508329,0.478605,0.523685
6339,0.518559,0.782371,0.419134,0.465717
6340,0.63512,0.708908,0.595032,0.558551
6341,0.616466,0.121551,0.534686,0.541268
6342,0.351296,0.353908,0.370258,0.507967
6343,0.547304,0.633361,0.484256,0.517746
6344,0.697195,0.185842,0.519036,0.541356
6345,0.642057,0.416456,0.484695,0.568951
6346,0.529229,0.644875,0.560058,0.472114
6347,0.687761,0.498746,0.621029,0.487895
6348,0.995162,0.351052,0.356602,0.458032
6349,0.238435,0.544758,0.523033,0.516794
6350,0.889665,0.488847,0.577925,0.469737
6351,0.436433,0.523665,0.403653,0.558725
6352,0.214125,0.687853,0.528819,0.505001
6353,0.253544,0.518173,0.640102,0.50735
6354,0.732096,0.387022,0.314798,0.531352
6355,0.714859,0.243985,0.620995,0.483922
6356,0.994498,0.431703,0.398548,0.472687
6357,0.156245,0.512992,0.565286,0.513275
6358,0.571034,0.874287,0.545919,0.507972
6359,0.203373,0.559669,0.376314,0.505479
6360,0.519523,0.605666,0.59603,0.498852
6361,0.655913,0.635129,0.505504,0.541461
6362,0.402109,0.650344,0.503425,0.439551
6363,0.721371,0.26881,0.618702,0.482503
6364,0.998214,0.482135,0.521947,0.493934
6365,0.707046,0.862787,0.479777,0.530084
6366,0.722768,0.493153,0.536022,0.514658
6367,0.985092,0.763763,0.585004,0.462598
6368,0.264074,0.236966,0.558432,0.501376
6369,0.638989,0.65744,0.562985,0.473105
6370,0.303687,0.456047,0.624166,0.473837
6371,0.747799,0.295877,0.526969,0.525177
6372,0.193994,0.759207,0.492578,0.520676
6373,0.963159,0.635516,0.512223,0.5079
6374,0.98359,0.407849,0.465289,0.509234
6375,0.754957,0.593512,0.529455,0.526514
6376,0.960583,0.349122,0.592974,0.493391
6377,0.129499,0.544807,0.712234,0.506423
6378,0.344951,0.221029,0.613827,0.522765
6379,0.614761,0.369909,0.448748,0.501307
6380,0.333232,0.375288,0.592605,0.479404
6381,0.288577,0.610735,0.567785,0.51498
6382,0.730096,0.748742,0.526145,0.542407
6383,0.547382,0.371441,0.459916,0.50529
6384,0.0630599,0.426933,0.498407,0.451453
6385,0.842685,0.315258,0.404106,0.496313
6386,0.791661,0.122313,0.654624,0.461457
6387,0.958282,0.768605,0.63076,0.495613
6388,0.705408,0.211209,0.408713,0.52216
6389,0.334191,0.739887,0.612233,0.511593
6390,0.659744,0.873758,0.654103,0.511862
6391,0.274561,0.74503,0.55668,0.495424
6392,0.587796,0.590655,0.377107,0.523622
6393,0.836707,0.326001,0.582627,0.45802
6394,0.27818,0.533035,0.466319,0.495489
6395,0.849809,0.644619,0.402941,0.529076
6396,0.714667,0.479535,0.579676,0.551835
6397,0.51758,0.550055,0.683601,0.526466
6398,0.848022,0.319325,0.554982,0.534315
6399,0.812479,0.231963,0.402633,0.474696
6400,0.56239,0.127793,0.449632,0.486081
6401,0.180735,0.535265,0.724096,0.496839
6402,0.357944,0.554533,0.359157,0.512575
6403,0.304134,0.432172,0.432384,0.499246
6404,0.464673,0.489074,0.428658,0.498502
6405,0.347647,0.669492,0.543984,0.468027
6406,0.52521,0.752743,0.562029,0.513826
6407,0.89471,0.45646,0.502912,0.522795
6408,0.782035,0.328238,0.500365,0.515773
6409,0.480798,0.70349,0.637716,0.48327
6410,0.16992,0.321406,0.44423,0.529077
6411,0.308436,0.290156,0.514995,0.506103
6412,0.607418,0.470101,0.33293,0.559703
6413,0.20635,0.583708,0.564433,0.467107
6414,0.0583943,0.350915,0.576989,0.486729
6415,0.651339,0.60832,0.487765,0.509087
6416,0.358226,0.183412,0.442466,0.475974
6417,0.478172,0.636771,0.442951,0.510366
6418,0.944014,0.533781,0.443959,0.521306
6419,0.773294,0.466858,0.397616,0.514812
6420,0.373768,0.253407,0.535988,0.501815
6421,0.389224,0.562896,0.574175,0.54669
6422,0.177119,0.370208,0.357737,0.519039
6423,0.366684,0.457067,0.491766,0.509546
6424,0.363417,0.506181,0.505173,0.4384
6425,0.343301,0.594989,0.564611,0.506452
6426,0.527371,0.573336,0.616481,0.489592
6427,0.0115354,0.459709,0.567888,0.516837
6428,0.178143,0.654848,0.484433,0.458851
6429,0.333346,0.408536,0.618649,0.468192
6430,0.346316,0.637048,0.348701,0.502636
6431,0.203316,0.42938,0.434548,0.532538
6432,0.506032,0.149406,0.486355,0.517211
6433,0.633931,0.381613,0.487441,0.467774
6434,0.885007,0.587012,0.603846,0.456025
6435,0.993417,0.206769,0.36867,0.516056
6436,0.476831,0.600673,0.5743,0.539271
6437,0.025842,0.249024,0.659166,0.432665
6438,0.367851,0.77872,0.408864,0.542027
6439,0.251197,0.308755,0.43526,0.495796
6440,0.213544,0.247064,0.478048,0.506932
6441,0.169353,0.401651,0.487753,0.47204
6442,0.612175,0.574651,0.334983,0.474771
6443,0.706672,0.284908,0.288355,0.506668
6444,0.659059,0.337503,0.518878,0.500591
6445,0.587993,0.571223,0.510244,0.469235
6446,0.782303,0.728676,0.575771,0.493916
6447,0.309591,0.542164,0.374977,0.504575
6448,0.757265,0.773,0.462569,0.508105
6449,0.293357,0.118791,0.51045,0.505244
6450,0.892369,0.794166,0.360536,0.516819
6451,0.467573,0.202951,0.547963,0.494844
6452,0.662029,0.504428,0.602388,0.485792
6453,0.969452,0.506853,0.448987,0.501959
6454,0.445289,0.380474,0.312525,0.517319
6455,0.295737,0.439212,0.478336,0.513645
6456,0.120778,0.708433,0.491621,0.461132
6457,0.156678,0.362299,0.585549,0.530552
6458,0.043855,0.700189,0.467716,0.508989
6459,0.984206,0.866316,0.350405,0.486214
6460,0.725771,0.903287,0.36126,0.514767
6461,0.564036,0.599679,0.644124,0.500234
6462,0.767902,0.729372,0.418359,0.512397
6463,0.0980824,0.7251,0.617685,0.473428
6464,0.194865,0.230459,0.600674,0.500544
6465,0.745457,0.828754,0.479108,0.509437
6466,0.819088,0.659474,0.519443,0.479996
6467,0.365738,0.652972,0.576862,0.476469
6468,0.24074,0.486768,0.53706,0.50825
6469,0.372994,0.361467,0.440627,0.536769
6470,0.538564,0.43038,0.641987,0.491681
6471,0.053228,0.459494,0.550078,0.533242
6472,0.575094,0.579872,0.67572,0.518611
6473,0.415399,0.893252,0.349227,0.501667
6474,0.95537,0.838697,0.483136,0.464344
6475,0.101562,0.778813,0.409751,0.472485
6476,0.990709,0.392595,0.572495,0.470882
6477,0.093647,0.381744,0.499105,0.481037
6478,0.983819,0.416458,0.520489,0.517797
6479,0.0245375,0.259139,0.379465,0.512269
6480,0.744116,0.137716,0.579376,0.428951
6481,0.662061,0.489233,0.628596,0.522141
6482,0.121591,0.437608,0.460595,0.487776
6483,0.301746,0.743828,0.531265,0.476532
6484,0.25563,0.28563,0.574231,0.484315
6485,0.200692,0.588377,0.527451,0.515054
6486,0.778336,0.560391,0.475123,0.537307
6487,0.296718,0.562898,0.393488,0.51153
6488,0.739082,0.736088,0.558125,0.457503
6489,0.765852,0.335617,0.380811,0.548993
6490,0.364861,0.342879,0.601521,0.515991
6491,0.195307,0.138742,0.491026,0.486324
6492,0.21372,0.828328,0.44364,0.540438
6493,0.714464,0.463084,0.455486,0.442209
6494,0.0796256,0.328682,0.529014,0.550703
6495,0.174485,0.353611,0.656273,0.577793
6496,0.535429,0.349806,0.592347,0.51996
6497,0.796092,0.684468,0.578507,0.46876
6498,0.432355,0.805281,0.379315,0.511298
6499,0.025421,0.455053,0.555911,0.508767
6500,0.86916,0.283572,0.47891,0.519062
6501,0.914883,0.597957,0.491654,0.46879
6502,0.340691,0.465694,0.470287,0.454115
6503,0.284771,0.302014,0.445703,0.563014
6504,0.321663,0.561617,0.515627,0.481442
6505,0.241609,0.531932,0.527082,0.460863
6506,0.927642,0.395216,0.528883,0.45985
6507,0.0607339,0.279707,0.649646,0.505467
6508,0.331391,0.562516,0.479307,0.533594
6509,0.761752,0.436149,0.564079,0.511767
6510,0.644107,0.461079,0.567801,0.478706
6511,0.130744,0.223689,0.705626,0.460535
6512,0.595625,0.564763,0.519674,0.525969
6513,0.256133,0.879731,0.508625,0.525006
6514,0.157293,0.76894,0.492278,0.515063
6515,0.459538,0.368912,0.459282,0.453191
6516,0.684108,0.963643,0.334714,0.512465
6517,0.221561,0.371894,0.586587,0.475275
6518,0.603702,0.393393,0.455218,0.489251
6519,0.432259,0.540822,0.740531,0.471966
6520,0.581069,0.462789,0.57602,0.48995
6521,0.164881,0.654028,0.346393,0.521532
6522,0.732504,0.680178,0.489083,0.47081
6523,0.178639,0.0838785,0.430223,0.482623
6524,0.906659,0.407853,0.560924,0.52328
6525,0.0778702,0.592066,0.60357,0.44216
6526,0.495309,0.207634,0.332766,0.553811
6527,0.211165,0.116338,0.412239,0.526289
6528,0.844265,0.747562,0.445541,0.44566
6529,0.474473,0.282998,0.591001,0.50619
6530,0.511995,0.199159,0.424576,0.520929
6531,0.0113345,0.534552,0.490977,0.513951
6532,0.347662,0.157986,0.543515,0.490906
6533,0.116818,0.623502,0.355866,0.515873
6534,0.20573,0.574301,0.394611,0.501936
6535,0.441233,0.378715,0.505168,0.525406
6536,0.183669,0.582584,0.511635,0.547385
6537,0.161506,0.203987,0.505234,0.537141
6538,0.306399,0.75346,0.569749,0.509559
6539,0.168982,0.5157,0.643368,0.507929
6540,0.100272,0.319768,0.380442,0.499885
6541,0.831246,0.507358,0.473083,0.521863
6542,0.829351,0.692368,0.473385,0.539252
6543,0.381305,0.581633,0.4088,0.488003
6544,0.871599,0.389775,0.462785,0.454635
6545,0.48582,0.715658,0.375214,0.523468
6546,0.910863,0.882372,0.493413,0.489803
6547,0.588239,0.432973,0.523431,0.496244
6548,0.290636,0.854787,0.465877,0.575828
6549,0.976388,0.353798,0.436115,0.386565
6550,0.294517,0.738483,0.701975,0.521784
6551,0.446568,0.843321,0.422985,0.536251
6552,0.14518,0.233976,0.465061,0.503542
6553,0.982689,0.610067,0.401393,0.510844
6554,0.491549,0.498867,0.397654,0.536157
6555,0.351107,0.404856,0.382795,0.535177
6556,0.765662,0.39466,0.435135,0.499642
6557,0.437024,0.237338,0.566827,0.515971
6558,0.26707,0.629479,0.626303,0.493838
6559,0.646714,0.286305,0.423738,0.47753
6560,0.474693,0.620534,0.504932,0.509278
6561,0.633875,0.414129,0.523662,0.461428
6562,0.123218,0.480564,0.504055,0.469136
6563,0.247513,0.589713,0.659854,0.481681
6564,0.953391,0.329199,0.392873,0.502641
6565,0.930453,0.475201,0.590231,0.50467
6566,0.756139,0.355158,0.5614,0.468706
6567,0.231061,0.648999,0.634257,0.526014
6568,0.580847,0.567424,0.547666,0.529058
6569,0.500698,0.83948,0.610613,0.521452
6570,0.359064,0.0634638,0.459147,0.488489
6571,0.590225,0.525385,0.504567,0.501168
6572,0.768794,0.449918,0.474109,0.519853
6573,0.0715886,0.28808,0.577693,0.510161
6574,0.337545,0.353167,0.36667,0.521956
6575,0.229523,0.166399,0.327872,0.516609
6576,0.428296,0.684439,0.446357,0.476983
6577,0.322946,0.18426,0.4938,0.47139
6578,0.110439,0.78954,0.473665,0.534356
6579,0.909487,0.382113,0.490267,0.491475
6580,0.350005,0.363868,0.539934,0.523024
6581,0.265933,0.174729,0.51804,0.476142
6582,0.712879,0.237588,0.524864,0.472533
6583,0.0646832,0.817881,0.546701,0.526407
6584,0.491147,0.488107,0.351546,0.488739
6585,0.745698,0.949884,0.45361,0.469978
6586,0.823116,0.66163,0.581292,0.493708
6587,0.109831,0.517813,0.490385,0.487573
6588,0.13455,0.451353,0.487141,0.524044
6589,0.773152,0.538822,0.476689,0.492396
6590,0.437584,0.657751,0.342823,0.517342
6591,0.334017,0.215925,0.45181,0.526444
6592,0.467015,0.302037,0.411177,0.535853
6593,0.931794,0.330387,0.564153,0.484791
6594,0.958191,0.186417,0.498637,0.472359
6595,0.0640926,0.588031,0.417511,0.456828
6596,0.322267,0.324676,0.45334,0.573743
6597,0.0984114,0.688584,0.391218,0.447779
6598,0.0790816,0.153588,0.550703,0.490486
6599,0.222654,0.460342,0.627702,0.539246
6600,0.309567,0.33855,0.515522,0.525926
6601,0.35091,0.501475,0.680322,0.43846
6602,0.11974,0.638629,0.689313,0.480811
6603,0.449763,0.701173,0.516785,0.464687
6604,0.121224,0.55367,0.626474,0.51022
6605,0.620584,0.786687,0.71507,0.496748
6606,0.806218,0.588719,0.459944,0.488773
6607,0.805897,0.708365,0.545981,0.535267
6608,0.955348,0.428491,0.631518,0.487018
6609,0.506903,0.280926,0.501023,0.511039
6610,0.817811,0.656932,0.581065,0.495191
6611,0.900355,0.722891,0.575093,0.505891
6612,0.335047,0.357345,0.619981,0.4551
6613,0.0559177,0.659976,0.459362,0.528751
6614,0.46406,0.582274,0.548862,0.500601
6615,0.737045,0.511767,0.550112,0.46401
6616,0.439039,0.362246,0.585826,0.511031
6617,0.273278,0.751546,0.668274,0.485434
6618,0.814321,0.184327,0.655989,0.472452
6619,0.249563,0.321797,0.352114,0.506436
6620,0.824665,0.519599,0.452209,0.5153
6621,0.982675,0.58559,0.59606,0.52372
6622,0.553277,0.325334,0.578322,0.465771
6623,0.489889,0.647915,0.555159,0.493251
6624,0.222158,0.426071,0.295762,0.51268
6625,0.352348,0.332371,0.562733,0.484199
6626,0.270913,0.793224,0.629973,0.522037
6627,0.788559,0.711935,0.458767,0.456663
6628,0.164619,0.470507,0.471022,0.51215
6629,0.216726,0.252085,0.574067,0.475809
6630,0.211104,0.257679,0.498566,0.489262
6631,0.436586,0.72249,0.463483,0.452457
6632,0.503584,0.46392,0.412075,0.497375
6633,0.156844,0.0533949,0.631928,0.532431
6634,0.501825,0.587684,0.658616,0.514136
6635,0.0368581,0.785751,0.503166,0.546025
6636,0.413658,0.283317,0.59189,0.50889
6637,0.330027,0.551213,0.563018,0.50143
6638,0.281101,0.295414,0.391832,0.472479
6639,0.590425,0.247343,0.379371,0.494154
6640,0.0361251,0.166087,0.327418,0.483012
6641,0.133463,0.433576,0.538297,0.462891
6642,0.0312689,0.152691,0.552914,0.497644
6643,0.544756,0.444557,0.293693,0.535225
6644,0.331484,0.770876,0.570079,0.551809
6645,0.043374,0.688014,0.47791,0.496541
6646,0.861661,0.139852,0.504024,0.470933
6647,0.829371,0.197783,0.56261,0.489636
6648,0.541725,0.282034,0.419184,0.487438
6649,0.206004,0.881453,0.439892,0.505874
6650,0.863854,0.422637,0.659163,0.568909
6651,0.700421,0.421784,0.533352,0.501587
6652,0.598088,0.423775,0.704933,0.519506
6653,0.601751,0.80392,0.550937,0.542045
6654,0.338458,0.16291,0.452269,0.517797
6655,0.84004,0.729329,0.393057,0.493067
6656,0.198762,0.575887,0.435227,0.495044
6657,0.61149,0.432199,0.617393,0.527785
6658,0.398034,0.36856,0.353581,0.505306
6659,0.407308,0.257589,0.459085,0.488658
6660,0.629264,0.616145,0.576549,0.528968
6661,0.555089,0.389629,0.605187,0.475074
6662,0.833754,0.454081,0.453793,0.528244
6663,0.883143,0.284774,0.525274,0.47071
6664,0.868237,0.589188,0.49583,0.46266
6665,0.935842,0.404504,0.436871,0.478753
6666,0.246557,0.556013,0.523244,0.535667
6667,0.82762,0.821671,0.474277,0.501225
6668,0.431453,0.313569,0.442513,0.526372
6669,0.619158,0.72148,0.648157,0.507831
6670,0.245725,0.328925,0.605154,0.54994
6671,0.780219,0.748172,0.494352,0.499633
6672,0.73154,0.646554,0.575137,0.486661
6673,0.626393,0.705173,0.488503,0.501048
6674,0.374381,0.402791,0.551057,0.472537
6675,0.155159,0.394421,0.492189,0.532048
6676,0.601228,0.451233,0.37471,0.474757
6677,0.480799,0.887149,0.341304,0.534569
6678,0.603693,0.438848,0.549436,0.460543
6679,0.257853,0.603152,0.59104,0.512931
6680,0.830794,0.536021,0.540089,0.479903
6681,0.666728,0.528885,0.567225,0.546449
6682,0.423496,0.368079,0.693536,0.519223
6683,0.585932,0.304827,0.652604,0.496813
6684,0.0492929,0.708971,0.593533,0.499915
6685,0.538642,0.673488,0.515143,0.511197
6686,0.330394,0.0867702,0.402643,0.473515
6687,0.959342,0.728725,0.456376,0.536135
6688,0.633696,0.416918,0.564765,0.478818
6689,0.445035,0.59509,0.562109,0.472137
6690,0.865597,0.331936,0.336303,0.527552
6691,0.297515,0.486823,0.493494,0.508923
6692,0.316015,0.0935071,0.659216,0.480061
6693,0.634921,0.671355,0.487678,0.490906
6694,0.18014,0.443158,0.369084,0.529034
6695,0.045173,0.516559,0.453,0.512163
6696,0.188074,0.754235,0.402877,0.527723
6697,0.130363,0.833519,0.39701,0.521082
6698,0.707498,0.576369,0.533262,0.500234
6699,0.328208,0.554058,0.554065,0.505924
6700,0.445095,0.546747,0.607298,0.524093
6701,0.835928,0.909344,0.407232,0.503112
6702,0.111968,0.0717111,0.359157,0.507255
6703,0.352434,0.41945,0.552397,0.459792
6704,0.687283,0.44951,0.490975,0.519132
6705,0.0918882,0.574365,0.515809,0.504298
6706,0.870715,0.55659,0.481543,0.524683
6707,0.76462,0.606346,0.455028,0.434522
6708,0.294107,0.232601,0.667614,0.497431
6709,0.258125,0.660311,0.579036,0.411926
6710,0.159605,0.513851,0.531541,0.536635
6711,0.56966,0.341522,0.534328,0.453316
6712,0.335894,0.33439,0.569824,0.505544
6713,0.0544648,0.318677,0.43139,0.498759
6714,0.0755734,0.553408,0.555374,0.473136
6715,0.601389,0.469331,0.246524,0.551277
6716,0.885233,0.713385,0.483533,0.443672
6717,0.813883,0.771675,0.4482,0.47426
6718,0.475314,0.64601,0.315362,0.480529
6719,0.807414,0.456452,0.526745,0.458679
6720,0.286017,0.314089,0.551195,0.509939
6721,0.779492,0.559063,0.458228,0.476157
6722,0.0817329,0.825039,0.418148,0.476857
6723,0.0293245,0.932184,0.433634,0.53126
6724,0.936632,0.410462,0.450508,0.50451
6725,0.56524,0.452454,0.499979,0.486596
6726,0.152416,0.113532,0.326547,0.510679
6727,0.306247,0.590811,0.421524,0.484077
6728,0.107919,0.694068,0.722197,0.468892
6729,0.0932755,0.890338,0.524276,0.454104
6730,0.470959,0.528953,0.453046,0.4802
6731,0.738342,0.286442,0.58393,0.497064
6732,0.0645115,0.552364,0.520352,0.459576
6733,0.126077,0.40707,0.601539,0.503321
6734,0.171523,0.359896,0.576123,0.516766
6735,0.822504,0.735381,0.383358,0.490611
6736,0.764501,0.594359,0.469106,0.513973
6737,0.0558116,0.294252,0.708613,0.492779
6738,0.804495,0.461755,0.39865,0.51326
6739,0.0891209,0.58236,0.491085,0.485763
6740,0.308037,0.247243,0.669995,0.532093
6741,0.242507,0.537946,0.447686,0.448492
6742,0.868242,0.109741,0.376835,0.50658
6743,0.468759,0.5481,0.526226,0.471303
6744,0.377526,0.352045,0.617496,0.51379
6745,0.971086,0.502008,0.477084,0.48643
6746,0.946346,0.567386,0.347115,0.52983
6747,0.712521,0.507445,0.41306,0.481537
6748,0.603871,0.375081,0.510814,0.465441
6749,0.30827,0.646005,0.486316,0.516737
6750,0.685356,0.629095,0.488065,0.491898
6751,0.459519,0.388063,0.463825,0.524384
6752,0.204365,0.433503,0.42531,0.490766
6753,0.785719,0.732768,0.388968,0.52055
6754,0.615283,0.191341,0.458512,0.55031
6755,0.238345,0.155118,0.422926,0.546851
6756,0.624212,0.678679,0.516994,0.489954
6757,0.136357,0.64014,0.387641,0.467956
6758,0.650218,0.675989,0.497589,0.450591
6759,0.324134,0.470792,0.547457,0.489455
6760,0.187377,0.124101,0.430364,0.463452
6761,0.205958,0.875902,0.423469,0.531938
6762,0.812357,0.210874,0.566092,0.497245
6763,0.43513,0.689725,0.504928,0.445232
6764,0.991819,0.24107,0.378684,0.468495
6765,0.810031,0.723832,0.384481,0.554361
6766,0.00831941,0.769525,0.522346,0.54596
6767,0.697696,0.660751,0.48681,0.482753
6768,0.19391,0.134165,0.543623,0.496909
6769,0.583755,0.329269,0.525615,0.520287
6770,0.667195,0.448565,0.493286,0.474066
6771,0.0602236,0.527401,0.597903,0.543842
6772,0.297624,0.470547,0.538102,0.533559
6773,0.87591,0.859058,0.64925,0.487314
6774,0.746746,0.245283,0.518948,0.489779
6775,0.787041,0.717906,0.60619,0.550449
6776,0.633261,0.256076,0.594412,0.490392
6777,0.280833,0.725328,0.496935,0.476322
6778,0.455337,0.678928,0.574363,0.505647
6779,0.174476,0.64059,0.432712,0.494199
6780,0.571147,0.273129,0.544038,0.47789
6781,0.518659,0.514708,0.586507,0.485333
6782,0.356452,0.529807,0.62829,0.525972
6783,0.0327713,0.490853,0.32072,0.496499
6784,0.517794,0.328498,0.573601,0.533301
6785,0.815383,0.671433,0.657057,0.532932
6786,0.0603616,0.565097,0.566764,0.482196
6787,0.568459,0.457272,0.429871,0.444559
6788,0.891011,0.775867,0.562594,0.444798
6789,0.671371,0.788741,0.508224,0.503518
6790,0.110029,0.656766,0.537173,0.517343
6791,0.349584,0.599876,0.424099,0.5343
6792,0.228776,0.50981,0.585607,0.537087
6793,0.629218,0.40018,0.578166,0.532145
6794,0.988515,0.514981,0.564206,0.486022
6795,0.277207,0.0642571,0.418101,0.517623
6796,0.672504,0.272984,0.509313,0.453607
6797,0.267603,0.450338,0.322241,0.49859
6798,0.371872,0.262194,0.523491,0.548225
6799,0.625977,0.57903,0.561516,0.508986
6800,0.253346,0.233901,0.60994,0.492499
6801,0.783905,0.370207,0.44501,0.502199
6802,0.190071,0.223588,0.465771,0.483638
6803,0.928037,0.53718,0.604044,0.5124
6804,0.831213,0.500441,0.620192,0.499847
6805,0.0305233,0.280355,0.402606,0.522607
6806,0.0103937,0.136101,0.66009,0.491398
6807,0.900767,0.747158,0.618378,0.459926
6808,0.977404,0.217598,0.387833,0.498302
6809,0.302634,0.377398,0.518978,0.485362
6810,0.400603,0.570618,0.527261,0.513683
6811,0.871112,0.708102,0.567923,0.499196
6812,0.496376,0.403118,0.556452,0.499064
6813,0.321573,0.295406,0.723828,0.432362
6814,0.847148,0.372557,0.586015,0.468092
6815,0.807657,0.253522,0.487504,0.520567
6816,0.250045,0.510085,0.589357,0.449299
6817,0.220236,0.630946,0.485487,0.468575
6818,0.486858,0.569701,0.517212,0.484058
6819,0.684947,0.54492,0.479466,0.511866
6820,0.234704,0.242375,0.340232,0.487302
6821,0.635491,0.522919,0.429318,0.510339
6822,0.255485,0.250213,0.512461,0.515348
6823,0.490432,0.794501,0.584496,0.505502
6824,0.878547,0.820759,0.581255,0.52821
6825,0.687016,0.518273,0.539758,0.475379
6826,0.365895,0.71807,0.521056,0.509688
6827,0.729183,0.555055,0.422926,0.521632
6828,0.845047,0.200386,0.545757,0.480555
6829,0.33051,0.451575,0.567594,0.56704
6830,0.51157,0.190052,0.514328,0.485499
6831,0.240186,0.423595,0.563023,0.542219
6832,0.468755,0.233068,0.605588,0.487683
6833,0.692725,0.42735,0.516806,0.489019
6834,0.46263,0.372732,0.58299,0.505259
6835,0.934497,0.739177,0.589579,0.481899
6836,0.696364,0.571192,0.422857,0.509699
6837,0.121979,0.113537,0.568096,0.473384
6838,0.303366,0.97703,0.366877,0.537981
6839,0.592324,0.677777,0.438772,0.53772
6840,0.0940902,0.407974,0.294108,0.495437
6841,0.135244,0.514468,0.497256,0.512997
6842,0.37993,0.681611,0.246237,0.485259
6843,0.974608,0.609009,0.540599,0.543687
6844,0.306092,0.687042,0.607065,0.496628
6845,0.74463,0.461922,0.541752,0.505787
6846,0.918361,0.89708,0.520575,0.524171
6847,0.54487,0.918965,0.462875,0.427781
6848,0.157251,0.501755,0.483135,0.517238
6849,0.0542018,0.700052,0.521394,0.526762
6850,0.476874,0.625431,0.348447,0.516636
6851,0.35792,0.146523,0.562757,0.536429
6852,0.39309,0.412178,0.572849,0.461543
6853,0.00315549,0.789009,0.479694,0.485449
6854,0.0586169,0.53083,0.565824,0.501402
6855,0.921007,0.340229,0.59263,0.519349
6856,0.502041,0.769001,0.45855,0.499149
6857,0.883009,0.444649,0.41962,0.50065
6858,0.384772,0.378471,0.45011,0.517316
6859,0.806409,0.32013,0.533895,0.469064
6860,0.988979,0.3448,0.613901,0.490554
6861,0.182704,0.887687,0.286828,0.427268
6862,0.971908,0.660186,0.322833,0.502784
6863,0.697531,0.512085,0.489379,0.504172
6864,0.338619,0.192693,0.350367,0.562193
6865,0.543448,0.501741,0.51827,0.505557
6866,0.137036,0.47367,0.319919,0.516831
6867,0.556953,0.386751,0.484693,0.521485
6868,0.353772,0.30157,0.486737,0.456985
6869,0.480383,0.490693,0.525235,0.502708
6870,0.640465,0.0838364,0.500531,0.524932
6871,0.357288,0.645019,0.430429,0.524455
6872,0.863823,0.479396,0.411176,0.479309
6873,0.115186,0.863568,0.305543,0.489275
6874,0.547982,0.659899,0.572129,0.463267
6875,0.925381,0.196924,0.387742,0.536583
6876,0.416325,0.717564,0.531197,0.478983
6877,0.745778,0.229219,0.35565,0.494874
6878,0.134075,0.102502,0.30196,0.516147
6879,0.997453,0.420179,0.553939,0.478961
6880,0.589082,0.378663,0.452615,0.476178
6881,0.658274,0.510688,0.443068,0.532779
6882,0.747099,0.366558,0.647058,0.493683
6883,0.616071,0.083402,0.624501,0.44826
6884,0.247226,0.278228,0.483802,0.480251
6885,0.382974,0.434492,0.453572,0.492914
6886,0.912033,0.524675,0.31223,0.463106
6887,0.0368562,0.790948,0.562727,0.540663
6888,0.33178,0.531862,0.578847,0.504227
6889,0.549904,0.345505,0.284391,0.526221
6890,0.359341,0.343001,0.546949,0.493169
6891,0.84005,0.651953,0.575212,0.530975
6892,0.671382,0.408439,0.627234,0.52994
6893,0.768513,0.562973,0.539804,0.50682
6894,0.848645,0.758373,0.388674,0.464538
6895,0.914383,0.583871,0.394975,0.514667
6896,0.581818,0.926701,0.545886,0.485846
6897,0.417385,0.834567,0.612496,0.495728
6898,0.718457,0.317646,0.48553,0.490628
6899,0.322079,0.406386,0.546418,0.501491
6900,0.539625,0.177396,0.371599,0.481973
6901,0.979162,0.357841,0.503548,0.492569
6902,0.0597563,0.894319,0.281457,0.475876
6903,0.156812,0.528231,0.626856,0.467839
6904,0.523445,0.529859,0.690444,0.468536
6905,0.407514,0.403928,0.434198,0.548553
6906,0.709375,0.92396,0.480678,0.547385
6907,0.732317,0.62807,0.495219,0.4937
6908,0.403315,0.236654,0.540409,0.52326
6909,0.000338054,0.566461,0.509414,0.561478
6910,0.222976,0.650782,0.44648,0.549314
6911,0.618263,0.519312,0.404116,0.509161
6912,0.373329,0.291192,0.411815,0.476481
6913,0.128233,0.526425,0.770082,0.525525
6914,0.357122,0.167841,0.615719,0.50765
6915,0.970731,0.793544,0.52897,0.482539
6916,0.373002,0.592193,0.536634,0.45452
6917,0.900478,0.615581,0.468021,0.476525
6918,0.0120321,0.640155,0.471009,0.479168
6919,0.554783,0.471188,0.506697,0.472558
6920,0.889154,0.45909,0.455173,0.494704
6921,0.131621,0.209245,0.454392,0.506128
6922,0.113767,0.8633,0.515944,0.497866
6923,0.0624777,0.552038,0.553627,0.493136
6924,0.79182,0.32003,0.491465,0.436607
6925,0.708596,0.603009,0.51313,0.492336
6926,0.50591,0.132208,0.416066,0.492938
6927,0.496398,0.540662,0.432513,0.481547
6928,0.908933,0.517662,0.434478,0.512706
6929,0.278039,0.234682,0.510101,0.522974
6930,0.941343,0.24065,0.533068,0.544921
6931,0.190083,0.398055,0.513494,0.486548
6932,0.0163923,0.268457,0.4508,0.499481
6933,0.921719,0.796574,0.56653,0.534389
6934,0.986163,0.828781,0.388193,0.493896
6935,0.615311,0.304737,0.543506,0.497741
6936,0.59955,0.552498,0.548048,0.531224
6937,0.729384,0.526529,0.490138,0.468828
6938,0.747695,0.333774,0.301404,0.491178
6939,0.593319,0.662427,0.409648,0.523537
6940,0.0726666,0.348599,0.431803,0.490189
6941,0.695873,0.538201,0.585195,0.566951
6942,0.401021,0.629529,0.686811,0.471522
6943,0.462735,0.149813,0.449162,0.532897
6944,0.723925,0.472881,0.479699,0.497424
6945,0.665166,0.909054,0.476551,0.47075
6946,0.503685,0.280388,0.425661,0.537251
6947,0.710245,0.808532,0.503868,0.53304
6948,0.241154,0.698556,0.484222,0.490399
6949,0.838688,0.532948,0.573483,0.478116
6950,0.952664,0.458181,0.431986,0.471574
6951,0.558194,0.681563,0.409692,0.496831
6952,0.679548,0.264386,0.443177,0.480597
6953,0.0982707,0.29509,0.405162,0.502317
6954,0.454171,0.32154,0.381323,0.481408
6955,0.0129645,0.258648,0.409384,0.492121
6956,0.72571,0.315019,0.318508,0.493306
6957,0.72371,0.459899,0.306467,0.504266
6958,0.754242,0.433612,0.561001,0.47803
6959,0.363941,0.390224,0.323097,0.481214
6960,0.316986,0.316914,0.617478,0.502126
6961,0.388041,0.484239,0.534044,0.496317
6962,0.231648,0.0639663,0.454706,0.427476
6963,0.509241,0.588712,0.239349,0.54934
6964,0.472063,0.679805,0.415114,0.493903
6965,0.185909,0.673847,0.44873,0.505148
6966,0.305984,0.509878,0.490731,0.494641
6967,0.663475,0.106837,0.517402,0.471886
6968,0.615329,0.369303,0.535477,0.490228
6969,0.206438,0.771768,0.49994,0.466693
6970,0.39045,0.471223,0.420849,0.531062
6971,0.836161,0.418004,0.528417,0.503671
6972,0.926939,0.467395,0.406699,0.465842
6973,0.334857,0.473689,0.466271,0.494679
6974,0.654949,0.674196,0.476413,0.494262
6975,0.286972,0.461732,0.501336,0.48
6976,0.172397,0.73274,0.528144,0.521667
6977,0.808807,0.463283,0.507513,0.549918
6978,0.900868,0.576893,0.453507,0.486902
6979,0.264653,0.183594,0.562375,0.496195
6980,0.0657126,0.103102,0.527292,0.522349
6981,0.0364855,0.495556,0.617416,0.451501
6982,0.530718,0.38171,0.555997,0.489633
6983,0.487763,0.607347,0.433796,0.524966
6984,0.160907,0.701304,0.591441,0.45938
6985,0.493949,0.659815,0.372122,0.50242
6986,0.476548,0.565504,0.482601,0.548089
6987,0.763702,0.227637,0.445297,0.512019
6988,0.366134,0.250141,0.64985,0.477834
6989,0.566291,0.245651,0.471957,0.47722
6990,0.489563,0.620712,0.352856,0.499737
6991,0.0728237,0.393239,0.554455,0.489801
6992,0.907613,0.429061,0.53289,0.536662
6993,0.108893,0.322458,0.58757,0.532035
6994,0.254985,0.644105,0.460575,0.450936
6995,0.540734,0.238908,0.603212,0.464967
6996,0.567807,0.73742,0.485945,0.491102
6997,0.626313,0.619877,0.445961,0.489139
6998,0.152358,0.341844,0.418223,0.441314
6999,0.626579,0.481947,0.374891,0.462179
7000,0.570858,0.549215,0.569581,0.495283
7001,0.361998,0.145258,0.616067,0.497914
7002,0.309963,0.529856,0.470204,0.517153
7003,0.179659,0.0782384,0.46782,0.50779
7004,0.0316741,0.498505,0.698686,0.520249
7005,0.545158,0.464311,0.353037,0.538238
7006,0.986723,0.449646,0.328326,0.495614
7007,0.841136,0.570124,0.56167,0.492102
7008,0.52277,0.431933,0.589288,0.536609
7009,0.553689,0.659566,0.398436,0.474691
7010,0.746217,0.406258,0.502492,0.468032
7011,0.640692,0.88079,0.603324,0.465772
7012,0.300891,0.77577,0.482319,0.503581
7013,0.0448032,0.312635,0.561072,0.522045
7014,0.761656,0.644653,0.409778,0.495906
7015,0.0774024,0.430161,0.649836,0.479776
7016,0.985744,0.723533,0.451176,0.461553
7017,0.117336,0.762602,0.558364,0.513143
7018,0.71063,0.353048,0.354391,0.543276
7019,0.966125,0.0664055,0.533956,0.491779
7020,0.0640838,0.652374,0.389291,0.550081
7021,0.459843,0.393669,0.606778,0.535938
7022,0.793099,0.619093,0.550375,0.561755
7023,0.830361,0.413274,0.607279,0.484959
7024,0.22868,0.18084,0.492423,0.546866
7025,0.0835205,0.507515,0.525277,0.520956
7026,0.550722,0.532103,0.44216,0.520067
7027,0.553807,0.502533,0.49934,0.505942
7028,0.134087,0.40826,0.637907,0.487192
7029,0.73434,0.834179,0.458636,0.555342
7030,0.40166,0.449088,0.461053,0.52153
7031,0.75812,0.855851,0.427512,0.551655
7032,0.196821,0.810583,0.521948,0.522016
7033,0.239082,0.511749,0.426216,0.503642
7034,0.5602,0.314043,0.4973,0.505983
7035,0.31515,0.0525145,0.509323,0.473341
7036,0.279859,0.255001,0.411051,0.552896
7037,0.898344,0.18915,0.532123,0.44518
7038,0.618915,0.491095,0.488337,0.505081
7039,0.358159,0.506593,0.46038,0.49973
7040,0.829889,0.444835,0.522262,0.512617
7041,0.348099,0.735056,0.59785,0.517047
7042,0.272803,0.557572,0.408051,0.492278
7043,0.927103,0.105305,0.489489,0.508184
7044,0.786408,0.687888,0.458797,0.503273
7045,0.0406284,0.513771,0.349389,0.471848
7046,0.106477,0.680161,0.335224,0.503997
7047,0.235552,0.642797,0.497313,0.42766
7048,0.516578,0.629548,0.345289,0.493089
7049,0.335114,0.648026,0.545561,0.539289
7050,0.0996828,0.40593,0.590587,0.482066
7051,0.71755,0.920985,0.603053,0.563166
7052,0.467145,0.502262,0.545055,0.525966
7053,0.0461464,0.648386,0.498821,0.506886
7054,0.492225,0.342429,0.432024,0.467319
7055,0.206733,0.469884,0.409693,0.468279
7056,0.139334,0.574374,0.377898,0.502944
7057,0.801645,0.456557,0.527315,0.501389
7058,0.252012,0.742196,0.420088,0.480887
7059,0.491228,0.23968,0.404383,0.517812
7060,0.515197,0.454675,0.530783,0.494183
7061,0.556135,0.219716,0.488225,0.520433
7062,0.880841,0.474169,0.607288,0.496053
7063,0.218755,0.699084,0.395998,0.452048
7064,0.981671,0.908014,0.667664,0.497826
7065,0.655219,0.567171,0.565798,0.492243
7066,0.349535,0.347487,0.522986,0.445099
7067,0.808291,0.589815,0.523954,0.469807
7068,0.0548324,0.608075,0.66358,0.525088
7069,0.735785,0.568674,0.398632,0.466443
7070,0.161028,0.404428,0.342524,0.53029
7071,0.237764,0.373952,0.625397,0.510045
7072,0.401198,0.60447,0.539277,0.528128
7073,0.975863,0.372679,0.493102,0.525013
7074,0.887229,0.333483,0.427787,0.496538
7075,0.870255,0.594889,0.604015,0.468424
7076,0.541256,0.583778,0.445881,0.540649
7077,0.498815,0.397126,0.534018,0.470565
7078,0.909527,0.348286,0.653028,0.52823
7079,0.871777,0.567161,0.472474,0.461491
7080,0.614819,0.191639,0.396824,0.464756
7081,0.528194,0.207167,0.408008,0.518398
7082,0.816241,0.0730247,0.492929,0.599821
7083,0.248124,0.316252,0.398829,0.549356
7084,0.25662,0.751614,0.481282,0.538241
7085,0.840271,0.883007,0.525494,0.48548
7086,0.182261,0.572492,0.520722,0.526844
7087,0.541663,0.494836,0.519844,0.508329
7088,0.19849,0.724791,0.49704,0.543306
7089,0.547964,0.463842,0.476701,0.497669
7090,0.891764,0.629879,0.476273,0.481664
7091,0.205075,0.282639,0.622863,0.485403
7092,0.0622458,0.323203,0.550859,0.522506
7093,0.868294,0.345183,0.586844,0.477406
7094,0.2857,0.235143,0.513501,0.539404
7095,0.500561,0.896441,0.362402,0.471996
7096,0.972225,0.503583,0.393438,0.494647
7097,0.590087,0.388805,0.633533,0.486748
7098,0.149457,0.0911244,0.481873,0.459528
7099,0.321163,0.845491,0.674819,0.49761
7100,0.291624,0.371925,0.548731,0.489193
7101,0.00258432,0.746543,0.33151,0.501382
7102,0.736753,0.925894,0.559174,0.465574
7103,0.925798,0.204012,0.479017,0.475192
7104,0.821942,0.632321,0.491108,0.471623
7105,0.320923,0.45834,0.439242,0.484026
7106,0.89356,0.232936,0.615809,0.509919
7107,0.520081,0.8624,0.684955,0.486618
7108,0.205891,0.486737,0.408414,0.505946
7109,0.621712,0.405779,0.449466,0.511844
7110,0.0472361,0.523021,0.400695,0.455198
7111,0.668682,0.575341,0.444488,0.524122
7112,0.703078,0.769314,0.516782,0.488311
7113,0.170757,0.516834,0.529786,0.451016
7114,0.91378,0.602898,0.50393,0.484573
7115,0.428092,0.449257,0.427662,0.514147
7116,0.783084,0.575584,0.57889,0.494174
7117,0.193409,0.245384,0.405652,0.49893
7118,0.709193,0.698524,0.54295,0.497441
7119,0.0464074,0.291464,0.436624,0.474325
7120,0.576761,0.782222,0.498632,0.419972
7121,0.733144,0.497002,0.539766,0.514336
7122,0.294547,0.879323,0.47045,0.505794
7123,0.262822,0.655009,0.410785,0.459689
7124,0.774577,0.267739,0.461629,0.490412
7125,0.611401,0.735409,0.559962,0.479829
7126,0.810096,0.242289,0.609975,0.512351
7127,0.2966,0.319604,0.45034,0.525857
7128,0.347704,0.522425,0.465107,0.508579
7129,0.705958,0.563584,0.410181,0.477942
7130,0.139206,0.770393,0.547455,0.490127
7131,0.15469,0.901161,0.497736,0.507635
7132,0.936731,0.423019,0.597191,0.484764
7133,0.0893088,0.399551,0.622034,0.51843
7134,0.072166,0.841171,0.465081,0.542421
7135,0.988876,0.518495,0.562686,0.54128
7136,0.00381725,0.55251,0.411935,0.470485
7137,0.0147443,0.416248,0.491025,0.473928
7138,0.803207,0.243283,0.481453,0.522546
7139,0.946321,0.391491,0.437947,0.505212
7140,0.13288,0.439394,0.492316,0.51825
7141,0.526599,0.332192,0.442373,0.505393
7142,0.787803,0.538705,0.604931,0.527181
7143,0.799129,0.513805,0.499763,0.512531
7144,0.100927,0.407078,0.551308,0.509573
7145,0.542107,0.256934,0.525044,0.466592
7146,0.814327,0.0257713,0.424191,0.461305
7147,0.0953658,0.435691,0.475756,0.521798
7148,0.600385,0.859115,0.605815,0.5401
7149,0.763516,0.632017,0.504649,0.484715
7150,0.113342,0.815998,0.52223,0.484311
7151,0.601058,0.697139,0.63851,0.500421
7152,0.491819,0.838172,0.54706,0.480868
7153,0.607626,0.571436,0.349724,0.535931
7154,0.554437,0.600185,0.541075,0.566554
7155,0.323742,0.243946,0.677367,0.515289
7156,0.0896202,0.707079,0.463883,0.470251
7157,0.581372,0.48989,0.522239,0.501723
7158,0.486096,0.574205,0.540277,0.526262
7159,0.815797,0.602903,0.433371,0.493161
7160,0.767203,0.492703,0.55452,0.486396
7161,0.000958545,0.394507,0.680388,0.533067
7162,0.986354,0.81188,0.44161,0.533797
7163,0.111374,0.737732,0.360007,0.47138
7164,0.806335,0.553734,0.452802,0.54153
7165,0.68154,0.375685,0.35543,0.491385
7166,0.544858,0.263809,0.356211,0.52181
7167,0.384344,0.593072,0.589904,0.517986
7168,0.257046,0.590361,0.523572,0.476724
7169,0.966526,0.622366,0.538046,0.511568
7170,0.230733,0.741778,0.432367,0.44625
7171,0.0250882,0.28541,0.427005,0.516776
7172,0.125968,0.478442,0.539357,0.490208
7173,0.190942,0.350808,0.453908,0.44467
7174,0.86181,0.495813,0.4884,0.547447
7175,0.588783,0.330716,0.614384,0.542571
7176,0.634088,0.416586,0.488267,0.508369
7177,0.0713364,0.705949,0.36142,0.474992
7178,0.632004,0.644852,0.514082,0.498112
7179,0.20342,0.509465,0.506981,0.507495
7180,0.898077,0.917771,0.496628,0.552854
7181,0.493764,0.490176,0.592518,0.494675
7182,0.0339661,0.684748,0.506983,0.474009
7183,0.247155,0.448873,0.650531,0.530625
7184,0.167195,0.31627,0.356215,0.478985
7185,0.358246,0.202819,0.593364,0.502424
7186,0.0987984,0.533781,0.390605,0.483723
7187,0.0856291,0.425523,0.464903,0.458585
7188,0.82119,0.316839,0.46516,0.481613
7189,0.378611,0.729444,0.506482,0.433062
7190,0.235062,0.113284,0.335205,0.46935
7191,0.543139,0.622197,0.471494,0.438685
7192,0.490603,0.369947,0.325791,0.448934
7193,0.595142,0.185189,0.457665,0.500151
7194,0.963324,0.389341,0.528469,0.475582
7195,0.678334,0.661548,0.297303,0.501739
7196,0.842954,0.560369,0.556859,0.50926
7197,0.617234,0.160311,0.545613,0.511313
7198,0.194011,0.773049,0.442746,0.448409
7199,0.925547,0.424528,0.427254,0.478788
7200,0.385905,0.555336,0.499063,0.499576
7201,0.776225,0.895996,0.442995,0.489047
7202,0.375607,0.506436,0.301979,0.507136
7203,0.295737,0.368928,0.443448,0.522441
7204,0.827593,0.843742,0.511304,0.469613
7205,0.155453,0.378765,0.355288,0.520197
7206,0.743781,0.426118,0.610866,0.497428
7207,0.123954,0.906379,0.454669,0.474363
7208,0.517062,0.44317,0.423178,0.505356
7209,0.314803,0.814544,0.386574,0.493646
7210,0.33252,0.637041,0.579805,0.46423
7211,0.789488,0.175424,0.538813,0.538436
7212,0.832289,0.452929,0.54152,0.488081
7213,0.0988112,0.948152,0.455274,0.464739
7214,0.574796,0.546469,0.432759,0.519588
7215,0.375618,0.252044,0.439364,0.534345
7216,0.314522,0.847385,0.582785,0.498428
7217,0.587667,0.437749,0.500875,0.550262
7218,0.838002,0.368637,0.555152,0.462086
7219,0.801821,0.643224,0.406742,0.496467
7220,0.246213,0.855748,0.358584,0.49136
7221,0.614983,0.870989,0.625733,0.500901
7222,0.629676,0.140561,0.521118,0.454774
7223,0.445175,0.676879,0.475769,0.553147
7224,0.272918,0.345769,0.380924,0.481344
7225,0.649369,0.602533,0.412488,0.547965
7226,0.399839,0.579094,0.392662,0.512638
7227,0.53067,0.683661,0.62868,0.524395
7228,0.770533,0.565527,0.64179,0.504513
7229,0.751894,0.670486,0.623056,0.484087
7230,0.691401,0.411013,0.528507,0.496658
7231,0.942411,0.401046,0.60356,0.501813
7232,0.807675,0.20834,0.385655,0.534988
7233,0.0303933,0.569469,0.483041,0.507577
7234,0.089889,0.336277,0.461339,0.480014
7235,0.88805,0.243396,0.452934,0.520952
7236,0.754838,0.42181,0.523439,0.507869
7237,0.98497,0.764739,0.536431,0.518503
7238,0.144671,0.317223,0.444708,0.475759
7239,0.804759,0.58681,0.505859,0.508305
7240,0.509199,0.516747,0.484536,0.445716
7241,0.566423,0.357304,0.657852,0.480314
7242,0.728586,0.763019,0.443828,0.519943
7243,0.763076,0.315177,0.396422,0.485548
7244,0.755038,0.741363,0.384668,0.515407
7245,0.0588793,0.273627,0.559344,0.540266
7246,0.630515,0.3016,0.418845,0.527613
7247,0.609983,0.552244,0.336549,0.482552
7248,0.139207,0.62913,0.578916,0.507323
7249,0.176618,0.462504,0.638782,0.509045
7250,0.401081,0.665419,0.558507,0.51181
7251,0.368545,0.439559,0.4634,0.495706
7252,0.339898,0.726319,0.51107,0.510521
7253,0.378597,0.730452,0.488476,0.496132
7254,0.3669,0.289936,0.562634,0.550631
7255,0.620838,0.37501,0.601073,0.474532
7256,0.0320843,0.640955,0.664827,0.470232
7257,0.417011,0.61752,0.403522,0.501607
7258,0.471316,0.624793,0.601943,0.510075
7259,0.355126,0.352232,0.449718,0.459853
7260,0.147971,0.574885,0.534207,0.504254
7261,0.83156,0.377396,0.375777,0.493547
7262,0.273348,0.539272,0.524742,0.448721
7263,0.137344,0.675624,0.447162,0.561323
7264,0.695043,0.613411,0.587148,0.491965
7265,0.480829,0.135985,0.494337,0.456969
7266,0.531861,0.280936,0.515335,0.47472
7267,0.519736,0.294919,0.620644,0.528353
7268,0.983814,0.423665,0.487458,0.505325
7269,0.487145,0.305913,0.647725,0.546686
7270,0.715298,0.496477,0.484801,0.519211
7271,0.843602,0.920429,0.428931,0.471705
7272,0.344199,0.587089,0.618503,0.489727
7273,0.100772,0.662592,0.475075,0.47148
7274,0.311282,0.686699,0.59969,0.45837
7275,0.514787,0.746064,0.244867,0.455826
7276,0.341973,0.0591877,0.531975,0.520505
7277,0.121647,0.660179,0.669117,0.507018
7278,0.674176,0.545582,0.599245,0.517055
7279,0.384953,0.51026,0.589831,0.544572
7280,0.869547,0.769732,0.504243,0.507609
7281,0.528957,0.789939,0.406022,0.483822
7282,0.457329,0.39123,0.55055,0.480696
7283,0.982568,0.440807,0.536792,0.472948
7284,0.159341,0.269889,0.360908,0.55807
7285,0.956397,0.953794,0.466977,0.47586
7286,0.451875,0.361777,0.639704,0.47181
7287,0.397571,0.721576,0.666966,0.490039
7288,0.290178,0.282932,0.329684,0.497662
7289,0.428452,0.524138,0.311971,0.523705
7290,0.323193,0.311572,0.254187,0.508681
7291,0.994078,0.538048,0.603787,0.466088
7292,0.821088,0.768329,0.567334,0.476342
7293,0.3736,0.756915,0.443458,0.560279
7294,0.633597,0.55479,0.398299,0.474316
7295,0.636439,0.24261,0.351329,0.489815
7296,0.141931,0.473773,0.605619,0.495798
7297,0.106037,0.475555,0.319652,0.510746
7298,0.405585,0.479657,0.38328,0.5043
7299,0.564238,0.155666,0.314566,0.498294
7300,0.482488,0.797068,0.363736,0.52349
7301,0.688943,0.593068,0.494924,0.522608
7302,0.960711,0.374256,0.592783,0.505481
7303,0.708954,0.597882,0.445532,0.536047
7304,0.433057,0.543485,0.432975,0.490213
7305,0.0490003,0.42053,0.516453,0.466375
7306,0.917347,0.404066,0.251192,0.489116
7307,0.345464,0.733235,0.399424,0.495294
7308,0.61856,0.340186,0.568185,0.464019
7309,0.311954,0.341901,0.417629,0.517759
7310,0.00554608,0.464481,0.488037,0.530055
7311,0.220267,0.18017,0.442631,0.475507
7312,0.809282,0.616274,0.497308,0.481707
7313,0.199531,0.524493,0.433137,0.473022
7314,0.123827,0.0632925,0.430023,0.5083
7315,0.369165,0.794879,0.462589,0.52533
7316,0.375569,0.796043,0.624723,0.521571
7317,0.814575,0.276171,0.518738,0.481406
7318,0.0927577,0.495887,0.659062,0.443737
7319,0.872774,0.409867,0.506695,0.548656
7320,0.388078,0.367605,0.458714,0.472043
7321,0.808417,0.53642,0.579058,0.471249
7322,0.531197,0.449566,0.708759,0.464514
7323,0.90982,0.173174,0.631437,0.471821
7324,0.773026,0.525465,0.502804,0.486907
7325,0.55533,0.568292,0.464688,0.486027
7326,0.777139,0.46524,0.554171,0.51242
7327,0.235999,0.717368,0.467783,0.500755
7328,0.352766,0.452278,0.442521,0.498169
7329,0.0555067,0.659085,0.659129,0.516878
7330,0.786405,0.609652,0.763884,0.475074
7331,0.188859,0.618291,0.386924,0.512965
7332,0.0919436,0.373126,0.722978,0.484117
7333,0.570961,0.183803,0.487177,0.490705
7334,0.365493,0.54663,0.475695,0.507869
7335,0.514455,0.59498,0.451041,0.504871
7336,0.840438,0.218764,0.501025,0.506859
7337,0.907563,0.569107,0.477619,0.536612
7338,0.23242,0.281378,0.535953,0.493807
7339,0.715636,0.454863,0.614044,0.492596
7340,0.884703,0.568509,0.483369,0.527371
7341,0.449319,0.536153,0.430361,0.494474
7342,0.460405,0.589998,0.479106,0.534568
7343,0.689875,0.39057,0.441638,0.504272
7344,0.913578,0.567326,0.606342,0.476053
7345,0.904866,0.205336,0.484591,0.502
7346,0.458916,0.501995,0.451686,0.501942
7347,0.580398,0.0623153,0.480702,0.521733
7348,0.954022,0.346404,0.613805,0.534706
7349,0.836786,0.109212,0.461087,0.541934
7350,0.306496,0.203858,0.400055,0.477973
7351,0.900555,0.815987,0.644317,0.534354
7352,0.473569,0.305578,0.549299,0.485889
7353,0.7261,0.463622,0.54662,0.468046
7354,0.897545,0.466805,0.402265,0.48037
7355,0.969181,0.942724,0.397907,0.470424
7356,0.373092,0.685508,0.461842,0.504586
7357,0.110428,0.460965,0.377322,0.493731
7358,0.834971,0.323695,0.55241,0.504845
7359,0.844368,0.819065,0.528356,0.501925
7360,0.855188,0.47621,0.459152,0.514126
7361,0.476797,0.830573,0.424166,0.524147
7362,0.532385,0.443843,0.384589,0.488575
7363,0.563192,0.503494,0.533721,0.424651
7364,0.156081,0.247271,0.517236,0.545165
7365,0.559548,0.603876,0.438168,0.503434
7366,0.730007,0.257393,0.598986,0.451825
7367,0.353327,0.518778,0.255754,0.502289
7368,0.534499,0.377701,0.423722,0.517412
7369,0.679759,0.258416,0.413797,0.511463
7370,0.130207,0.702754,0.433344,0.503499
7371,0.315283,0.420475,0.54792,0.493211
7372,0.537804,0.405752,0.408792,0.485443
7373,0.173267,0.214433,0.702169,0.526218
7374,0.580765,0.413848,0.380248,0.518879
7375,0.0864269,0.328923,0.472522,0.472266
7376,0.888459,0.369933,0.479426,0.511521
7377,0.916654,0.727629,0.564217,0.472212
7378,0.0416037,0.193323,0.617842,0.474574
7379,0.363708,0.560393,0.483893,0.494644
7380,0.98347,0.692805,0.459818,0.511673
7381,0.820187,0.456421,0.698884,0.503705
7382,0.235536,0.760791,0.594837,0.509712
7383,0.523804,0.696483,0.399949,0.539918
7384,0.262868,0.55274,0.455491,0.520449
7385,0.978117,0.463513,0.600838,0.452803
7386,0.583087,0.611485,0.44867,0.499133
7387,0.548437,0.429759,0.398775,0.494441
7388,0.0240319,0.541545,0.365814,0.531644
7389,0.233176,0.409495,0.371982,0.493178
7390,0.839789,0.522698,0.359425,0.461696
7391,0.119078,0.556581,0.294771,0.469412
7392,0.736195,0.526471,0.596511,0.505938
7393,0.225436,0.66744,0.594421,0.514133
7394,0.281686,0.517978,0.435287,0.475365
7395,0.137874,0.480695,0.432409,0.497917
7396,0.799755,0.394621,0.560307,0.493639
7397,0.776751,0.676673,0.520392,0.478331
7398,0.717574,0.71948,0.533911,0.493371
7399,0.578094,0.656757,0.6542,0.482116
7400,0.91014,0.189791,0.552321,0.475752
7401,0.650083,0.89301,0.485086,0.508747
7402,0.847597,0.327131,0.356799,0.497956
7403,0.95391,0.34242,0.410199,0.534289
7404,0.794259,0.552404,0.66215,0.516132
7405,0.476474,0.701381,0.52734,0.462586
7406,0.246039,0.861513,0.481651,0.537994
7407,0.781077,0.32904,0.523786,0.422662
7408,0.81367,0.400994,0.51403,0.530706
7409,0.838064,0.341915,0.523784,0.506013
7410,0.636905,0.260657,0.554246,0.474535
7411,0.100815,0.160376,0.644505,0.482656
7412,0.653371,0.569828,0.349883,0.45846
7413,0.229274,0.656713,0.405359,0.464957
7414,0.175478,0.4564,0.542949,0.48713
7415,0.851566,0.589106,0.423139,0.491386
7416,0.575604,0.325235,0.58989,0.507218
7417,0.704261,0.3738,0.619086,0.452833
7418,0.575384,0.263617,0.423799,0.50899
7419,0.958545,0.713306,0.543713,0.480743
7420,0.207749,0.569173,0.486152,0.481967
7421,0.490509,0.476628,0.498664,0.552295
7422,0.462623,0.447706,0.43365,0.468697
7423,0.299307,0.617554,0.436549,0.522205
7424,0.901726,0.411143,0.554516,0.483821
7425,0.457637,0.418979,0.37795,0.498827
7426,0.0358743,0.407116,0.486412,0.540718
7427,0.99364,0.841839,0.557688,0.492415
7428,0.855347,0.519706,0.517502,0.465299
7429,0.0480596,0.680801,0.572552,0.530707
7430,0.612591,0.295749,0.439282,0.469399
7431,0.0256229,0.229153,0.422573,0.587635
7432,0.585697,0.18641,0.469829,0.526836
7433,0.791394,0.252385,0.304879,0.471351
7434,0.995704,0.454596,0.430502,0.486813
7435,0.270939,0.460445,0.582805,0.440116
7436,0.309391,0.843673,0.402189,0.476781
7437,0.745719,0.601897,0.582769,0.47281
7438,0.765144,0.625374,0.558755,0.491907
7439,0.278596,0.361674,0.578723,0.520323
7440,0.288974,0.433006,0.365921,0.492094
7441,0.762858,0.731634,0.474693,0.477089
7442,0.947129,0.545952,0.570378,0.467178
7443,0.316939,0.537874,0.519323,0.463587
7444,0.37966,0.641731,0.471035,0.510997
7445,0.207549,0.456065,0.456069,0.516402
7446,0.313655,0.205477,0.460264,0.532628
7447,0.381741,0.916688,0.454368,0.463129
7448,0.643229,0.798798,0.484898,0.536321
7449,0.236074,0.12167,0.519904,0.483383
7450,0.492727,0.356041,0.334206,0.560528
7451,0.19069,0.419511,0.618382,0.496306
7452,0.929456,0.389511,0.603659,0.475932
7453,0.741869,0.904483,0.426487,0.53405
7454,0.710409,0.489899,0.545589,0.546396
7455,0.233653,0.960535,0.437033,0.507428
7456,0.359681,0.523417,0.530605,0.493538
7457,0.105817,0.522937,0.574455,0.503867
7458,0.329179,0.611495,0.691406,0.502189
7459,0.260701,0.228326,0.275423,0.496315
7460,0.437781,0.14058,0.50479,0.471249
7461,0.667976,0.835803,0.360084,0.521962
7462,0.289586,0.539142,0.677617,0.529848
7463,0.187471,0.344399,0.644295,0.471979
7464,0.473071,0.702335,0.531953,0.498522
7465,0.804891,0.18959,0.591391,0.569373
7466,0.406854,0.502094,0.55044,0.472601
7467,0.266405,0.319411,0.521387,0.538205
7468,0.695825,0.579684,0.492689,0.517484
7469,0.310656,0.0563937,0.464262,0.50048
7470,0.429535,0.357215,0.509481,0.455741
7471,0.967802,0.728248,0.535519,0.492347
7472,0.103895,0.384187,0.51745,0.461099
7473,0.81732,0.668762,0.302798,0.496497
7474,0.449093,0.800289,0.504099,0.508368
7475,0.760325,0.376339,0.332554,0.528225
7476,0.0789855,0.203733,0.46406,0.510174
7477,0.846982,0.407298,0.715988,0.457362
7478,0.178663,0.51775,0.562318,0.48594
7479,0.769084,0.294152,0.514672,0.553547
7480,0.19086,0.792478,0.613352,0.531772
7481,0.0782339,0.211466,0.616104,0.492594
7482,0.724083,0.404828,0.470424,0.505702
7483,0.982138,0.725908,0.424443,0.484607
7484,0.560265,0.466587,0.577184,0.472144
7485,0.0668855,0.533861,0.556554,0.518992
7486,0.584495,0.418383,0.33223,0.531246
7487,0.603211,0.610283,0.42755,0.456194
7488,0.526377,0.583911,0.517708,0.520883
7489,0.236942,0.800212,0.641672,0.457401
7490,0.983674,0.551771,0.473556,0.499049
7491,0.608423,0.311063,0.614693,0.520365
7492,0.167972,0.407299,0.497322,0.501395
7493,0.923387,0.616004,0.388799,0.503525
7494,0.393211,0.592224,0.565645,0.491742
7495,0.325547,0.657691,0.463706,0.499144
7496,0.121295,0.801654,0.56741,0.500262
7497,0.792904,0.907958,0.622333,0.467891
7498,0.817508,0.588513,0.529845,0.445661
7499,0.651972,0.500124,0.534405,0.456006
7500,0.940293,0.0900598,0.475828,0.491266
7501,0.500386,0.324171,0.375967,0.503894
7502,0.527189,0.720101,0.425838,0.471766
7503,0.567295,0.457708,0.355462,0.439232
7504,0.430895,0.0529698,0.505215,0.447981
7505,0.085006,0.747575,0.486344,0.524348
7506,0.317285,0.483799,0.550679,0.44986
7507,0.0520885,0.0236786,0.536941,0.504699
7508,0.591375,0.61769,0.586698,0.483751
7509,0.7153,0.597984,0.479709,0.497514
7510,0.800818,0.3271,0.482007,0.529118
7511,0.0385251,0.538641,0.423393,0.521391
7512,0.292572,0.436719,0.468528,0.523605
7513,0.0227493,0.790479,0.470991,0.492078
7514,0.904995,0.649045,0.544583,0.488683
7515,0.202408,0.318817,0.497701,0.482653
7516,0.0782145,0.0391016,0.421672,0.496063
7517,0.700859,0.551684,0.587945,0.483409
7518,0.700087,0.611751,0.485847,0.478557
7519,0.339977,0.156173,0.449691,0.490083
7520,0.556447,0.367345,0.461599,0.483029
7521,0.293668,0.72768,0.464878,0.454575
7522,0.450406,0.673627,0.497215,0.503598
7523,0.805332,0.423642,0.417958,0.492572
7524,0.0447108,0.654776,0.547324,0.544787
7525,0.374756,0.392477,0.571658,0.456417
7526,0.729172,0.446093,0.359196,0.535124
7527,0.533085,0.232684,0.567868,0.515625
7528,0.333539,0.688039,0.537627,0.448677
7529,0.564496,0.315968,0.492694,0.510356
7530,0.38712,0.729137,0.428997,0.470923
7531,0.0222602,0.303298,0.540325,0.518248
7532,0.718882,0.532865,0.454928,0.501141
7533,0.207855,0.194913,0.472927,0.502025
7534,0.817513,0.299639,0.499903,0.533288
7535,0.266514,0.906495,0.539292,0.516667
7536,0.541982,0.83688,0.507096,0.51263
7537,0.914294,0.696541,0.517044,0.517101
7538,0.432953,0.674969,0.476199,0.496549
7539,0.906365,0.101997,0.45299,0.513472
7540,0.25134,0.482134,0.486229,0.51512
7541,0.641077,0.70647,0.664788,0.534274
7542,0.583558,0.180161,0.521663,0.513392
7543,0.2438,0.38278,0.444052,0.542714
7544,0.000115857,0.825835,0.503517,0.496889
7545,0.395969,0.29287,0.357714,0.49313
7546,0.729405,0.299907,0.512411,0.488573
7547,0.559752,0.303866,0.604367,0.468636
7548,0.707738,0.286567,0.495597,0.475489
7549,0.978057,0.566554,0.536832,0.463109
7550,0.866633,0.649027,0.477162,0.507325
7551,0.240549,0.453737,0.645708,0.468248
7552,0.696165,0.913609,0.577615,0.486754
7553,0.218313,0.289153,0.529519,0.467645
7554,0.736458,0.16177,0.523388,0.504359
7555,0.349416,0.648649,0.469362,0.513511
7556,0.964992,0.690019,0.511369,0.456828
7557,0.895122,0.403137,0.448674,0.456447
7558,0.866098,0.0586661,0.672466,0.490848
7559,0.740933,0.106316,0.496508,0.512674
7560,0.0575521,0.0994038,0.555803,0.48
7561,0.573883,0.460225,0.475654,0.467609
7562,0.0529377,0.639487,0.569413,0.476562
7563,0.846479,0.386638,0.40295,0.504901
7564,0.610719,0.427935,0.386561,0.45404
7565,0.962059,0.728313,0.656754,0.526121
7566,0.467202,0.874599,0.664179,0.480421
7567,0.562099,0.0616467,0.531663,0.427952
7568,0.0487676,0.435778,0.588663,0.526241
7569,0.608755,0.268332,0.424268,0.500492
7570,0.479139,0.0893156,0.515333,0.475597
7571,0.920778,0.570464,0.486332,0.472963
7572,0.607423,0.536696,0.48143,0.508966
7573,0.756645,0.386042,0.458196,0.475795
7574,0.885778,0.784296,0.439502,0.467906
7575,0.571393,0.391052,0.658346,0.488441
7576,0.745082,0.654846,0.529985,0.497602
7577,0.438404,0.661715,0.521746,0.518551
7578,0.0974223,0.399289,0.579604,0.464005
7579,0.627952,0.0696415,0.615448,0.440203
7580,0.957563,0.729816,0.497755,0.502937
7581,0.28283,0.512442,0.608724,0.452835
7582,0.629146,0.759981,0.412892,0.526937
7583,0.775153,0.529327,0.477056,0.455146
7584,0.660226,0.723191,0.626759,0.493548
7585,0.459624,0.904451,0.39697,0.491713
7586,0.917949,0.763292,0.449703,0.501132
7587,0.168754,0.357084,0.601147,0.552257
7588,0.892773,0.313731,0.587022,0.493361
7589,0.466915,0.550958,0.359927,0.485024
7590,0.948343,0.332338,0.43165,0.53025
7591,0.66915,0.556744,0.580077,0.509191
7592,0.54954,0.686929,0.365352,0.489399
7593,0.491654,0.53657,0.586625,0.51253
7594,0.720733,0.148522,0.532406,0.454533
7595,0.280383,0.355053,0.544868,0.469766
7596,0.210094,0.424574,0.482045,0.48162
7597,0.508055,0.821822,0.424442,0.486925
7598,0.447025,0.546928,0.566328,0.52772
7599,0.789571,0.547025,0.45374,0.517037
7600,0.665953,0.539485,0.508968,0.469843
7601,0.500335,0.707967,0.402366,0.518082
7602,0.121647,0.207438,0.453495,0.517434
7603,0.937219,0.241304,0.523207,0.45579
7604,0.290174,0.300896,0.553907,0.503782
7605,0.798815,0.477199,0.51591,0.4896
7606,0.315104,0.914946,0.470452,0.500329
7607,0.889791,0.579309,0.568276,0.492571
7608,0.514497,0.340696,0.576302,0.505401
7609,0.817361,0.149179,0.646478,0.540112
7610,0.599026,0.287629,0.692574,0.499608
7611,0.193425,0.604456,0.45926,0.503362
7612,0.0570519,0.865894,0.373447,0.524873
7613,0.00852751,0.380498,0.523828,0.501293
7614,0.770457,0.134827,0.427667,0.51575
7615,0.0919753,0.687902,0.47104,0.518887
7616,0.0319442,0.436991,0.35117,0.521588
7617,0.862368,0.436605,0.383415,0.536091
7618,0.238971,0.220405,0.534746,0.471943
7619,0.392448,0.200922,0.478199,0.51294
7620,0.676179,0.576292,0.458858,0.481633
7621,0.736583,0.530316,0.571714,0.505595
7622,0.719733,0.451022,0.462959,0.496702
7623,0.723917,0.57442,0.505938,0.465228
7624,0.811484,0.378467,0.477723,0.467174
7625,0.408822,0.479313,0.550412,0.460299
7626,0.291477,0.221225,0.542017,0.482976
7627,0.798532,0.803986,0.539035,0.489689
7628,0.137014,0.303633,0.518302,0.447939
7629,0.894796,0.106523,0.470286,0.497522
7630,0.389551,0.231121,0.578272,0.493706
7631,0.350317,0.332665,0.463914,0.522192
7632,0.498255,0.499775,0.385701,0.469723
7633,0.405349,0.299072,0.341109,0.485429
7634,0.275952,0.512444,0.493374,0.52863
7635,0.972937,0.74891,0.50407,0.535645
7636,0.028574,0.447317,0.648805,0.531276
7637,0.667406,0.548059,0.515619,0.506831
7638,0.732104,0.682347,0.481355,0.53934
7639,0.744053,0.2374,0.626394,0.510996
7640,0.799861,0.627839,0.405043,0.503248
7641,0.272392,0.194806,0.521949,0.501629
7642,0.333706,0.681195,0.61357,0.444355
7643,0.922643,0.266249,0.552072,0.522006
7644,0.790983,0.53732,0.530031,0.54784
7645,0.524241,0.278989,0.495543,0.521815
7646,0.774416,0.0932854,0.610325,0.511545
7647,0.216807,0.82394,0.595598,0.500222
7648,0.686904,0.500504,0.468975,0.504591
7649,0.439732,0.277184,0.641855,0.491288
7650,0.796465,0.312563,0.606781,0.52185
7651,0.191871,0.55879,0.460727,0.471933
7652,0.513134,0.268119,0.453863,0.498127
7653,0.327029,0.281454,0.555826,0.475716
7654,0.758241,0.576558,0.515005,0.479029
7655,0.839766,0.536283,0.512674,0.51613
7656,0.301895,0.726319,0.46959,0.521827
7657,0.673665,0.628591,0.5715,0.484296
7658,0.52395,0.59056,0.432329,0.560502
7659,0.646868,0.315877,0.578473,0.474399
7660,0.946204,0.713957,0.458104,0.524019
7661,0.0707743,0.671131,0.540944,0.521812
7662,0.907817,0.502984,0.539682,0.452252
7663,0.633898,0.647249,0.446646,0.540294
7664,0.85077,0.486752,0.51973,0.509711
7665,0.463283,0.488273,0.559261,0.469895
7666,0.460042,0.336754,0.505832,0.536653
7667,0.721945,0.472092,0.475327,0.514781
7668,0.814885,0.909142,0.584892,0.492637
7669,0.241593,0.762892,0.462561,0.512129
7670,0.965438,0.657637,0.360534,0.478985
7671,0.795688,0.454932,0.494176,0.540953
7672,0.319616,0.678213,0.589872,0.543919
7673,0.393549,0.381948,0.516698,0.517673
7674,0.0660452,0.858732,0.380178,0.51178
7675,0.349865,0.505608,0.606865,0.528065
7676,0.732763,0.535721,0.461843,0.501444
7677,0.149349,0.321359,0.462078,0.448643
7678,0.250023,0.613027,0.564581,0.543856
7679,0.448005,0.43548,0.362206,0.472138
7680,0.24004,0.312379,0.52851,0.537542
7681,0.0285344,0.50975,0.347239,0.441622
7682,0.811038,0.507945,0.65684,0.543634
7683,0.692226,0.434769,0.445047,0.515655
7684,0.0654381,0.644396,0.406199,0.503282
7685,0.907865,0.273082,0.421939,0.554739
7686,0.92161,0.404498,0.515567,0.516811
7687,0.26711,0.583077,0.51253,0.487294
7688,0.920002,0.239392,0.43942,0.440008
7689,0.361404,0.475855,0.507472,0.507615
7690,0.733288,0.498806,0.399145,0.512344
7691,0.115602,0.90975,0.624097,0.506971
7692,0.934541,0.143211,0.57968,0.509271
7693,0.987469,0.614115,0.44361,0.438605
7694,0.374929,0.307758,0.435827,0.485855
7695,0.635658,0.593711,0.429435,0.511751
7696,0.562776,0.629595,0.57901,0.520346
7697,0.358418,0.58771,0.54127,0.506064
7698,0.2332,0.318273,0.465186,0.546489
7699,0.626732,0.409435,0.41919,0.512141
7700,0.217949,0.22208,0.374013,0.481696
7701,0.454065,0.578773,0.448481,0.469134
7702,0.237945,0.858325,0.341755,0.51492
7703,0.707853,0.850149,0.528523,0.491094
7704,0.515064,0.645573,0.451796,0.493394
7705,0.532459,0.472304,0.252733,0.4979
7706,0.717229,0.45748,0.549187,0.502076
7707,0.18518,0.541918,0.620228,0.482283
7708,0.87608,0.439851,0.584505,0.508227
7709,0.135877,0.842414,0.371189,0.488835
7710,0.316499,0.217491,0.40407,0.498174
7711,0.94676,0.34128,0.456908,0.500096
7712,0.516158,0.857354,0.521918,0.519294
7713,0.82725,0.151432,0.484722,0.533455
7714,0.483705,0.224323,0.416189,0.470362
7715,0.954423,0.310321,0.382515,0.499006
7716,0.221281,0.384178,0.431353,0.49307
7717,0.023473,0.113087,0.40314,0.527127
7718,0.00390556,0.0792695,0.462722,0.547553
7719,0.305096,0.199797,0.441969,0.469553
7720,0.263389,0.199721,0.523416,0.513337
7721,0.37667,0.48747,0.445541,0.52021
7722,0.325468,0.548264,0.436055,0.508395
7723,0.632417,0.443917,0.53067,0.534918
7724,0.846923,0.623083,0.615714,0.449803
7725,0.210621,0.923949,0.607318,0.491343
7726,0.1646,0.527627,0.609812,0.430771
7727,0.269655,0.467958,0.52791,0.546038
7728,0.864971,0.14168,0.541867,0.494917
7729,0.924259,0.555677,0.577093,0.516793
7730,0.720725,0.965948,0.468861,0.529146
7731,0.520295,0.507796,0.461664,0.532097
7732,0.844916,0.100656,0.449925,0.494937
7733,0.622994,0.270364,0.363721,0.531619
7734,0.303663,0.593141,0.46254,0.462513
7735,0.475851,0.501941,0.396384,0.482189
7736,0.819709,0.234213,0.554794,0.481108
7737,0.84621,0.518593,0.383638,0.537004
7738,0.192506,0.378573,0.524843,0.496062
7739,0.942868,0.492631,0.637367,0.505619
7740,0.664994,0.687973,0.378599,0.520409
7741,0.658674,0.442639,0.418048,0.479803
7742,0.949292,0.723075,0.481765,0.512026
7743,0.522682,0.60111,0.599474,0.502878
7744,0.0438922,0.823567,0.458127,0.552051
7745,0.816848,0.472629,0.441047,0.50906
7746,0.438586,0.6993,0.618166,0.499828
7747,0.0272564,0.449351,0.376561,0.474423
7748,0.506191,0.283877,0.509655,0.487467
7749,0.678884,0.48738,0.494573,0.531397
7750,0.603007,0.468711,0.450367,0.525735
7751,0.979767,0.49926,0.540362,0.515191
7752,0.159054,0.463379,0.570835,0.4421
7753,0.188801,0.506459,0.482217,0.481665
7754,0.167729,0.661343,0.454865,0.493112
7755,0.67598,0.971819,0.650877,0.471902
7756,0.480579,0.168854,0.601698,0.4836
7757,0.0393067,0.687486,0.497376,0.443448
7758,0.352628,0.408597,0.509179,0.494035
7759,0.376902,0.780723,0.419049,0.497866
7760,0.760149,0.430075,0.499666,0.562378
7761,0.130776,0.855385,0.405134,0.559892
7762,0.224586,0.334692,0.541414,0.44203
7763,0.838479,0.443915,0.658653,0.493822
7764,0.951413,0.248879,0.406506,0.528408
7765,0.0418154,0.782817,0.562421,0.490235
7766,0.295797,0.166259,0.556877,0.496834
7767,0.202956,0.584973,0.517504,0.468442
7768,0.702046,0.742052,0.46082,0.507092
7769,0.474042,0.0553521,0.675797,0.500303
7770,0.544572,0.301805,0.471466,0.511029
7771,0.890064,0.455665,0.395246,0.551273
7772,0.422466,0.384627,0.442719,0.493505
7773,0.813393,0.360628,0.636233,0.522472
7774,0.287029,0.845708,0.453774,0.54293
7775,0.614698,0.139162,0.530674,0.474072
7776,0.573099,0.704237,0.395195,0.497713
7777,0.0644415,0.894837,0.399048,0.456105
7778,0.751525,0.469923,0.444402,0.50086
7779,0.0699108,0.156374,0.357871,0.491564
7780,0.14242,0.685112,0.479177,0.505784
7781,0.683466,0.426862,0.545214,0.484682
7782,0.199039,0.297982,0.628098,0.483733
7783,0.667533,0.708796,0.456798,0.514574
7784,0.467917,0.245748,0.378677,0.495822
7785,0.199945,0.732352,0.506093,0.549582
7786,0.794934,0.150012,0.59041,0.517299
7787,0.509768,0.550983,0.61753,0.510074
7788,0.187816,0.453353,0.433683,0.46258
7789,0.132834,0.126453,0.482914,0.459291
7790,0.87931,0.346751,0.666892,0.502355
7791,0.428915,0.482542,0.64252,0.523977
7792,0.927313,0.189417,0.518838,0.457136
7793,0.454465,0.391853,0.458317,0.460417
7794,0.920019,0.309684,0.622944,0.511194
7795,0.402634,0.859164,0.660194,0.551285
7796,0.200149,0.405289,0.545338,0.421488
7797,0.826829,0.412806,0.380865,0.494896
7798,0.285612,0.440895,0.482289,0.524516
7799,0.321539,0.707945,0.335301,0.499447
7800,0.481782,0.588101,0.44419,0.535974
7801,0.84686,0.367854,0.492741,0.504943
7802,0.472906,0.30978,0.410451,0.508458
7803,0.315744,0.544927,0.543856,0.467338
7804,0.177321,0.841761,0.555898,0.526818
7805,0.622296,0.673651,0.441847,0.45006
7806,0.899393,0.166783,0.477505,0.528223
7807,0.467255,0.570588,0.427691,0.554175
7808,0.615693,0.383729,0.532033,0.511112
7809,0.90975,0.466602,0.435287,0.552767
7810,0.564656,0.461673,0.355405,0.481519
7811,0.544765,0.487829,0.537674,0.547615
7812,0.756772,0.136949,0.437999,0.478882
7813,0.752426,0.402519,0.602764,0.482924
7814,0.443742,0.142849,0.495478,0.534618
7815,0.663961,0.360067,0.585022,0.533414
7816,0.162763,0.89118,0.485757,0.46071
7817,0.745972,0.779177,0.583761,0.503607
7818,0.451868,0.394639,0.589736,0.501765
7819,0.736202,0.505107,0.303893,0.513036
7820,0.277206,0.21528,0.535386,0.501525
7821,0.645445,0.462082,0.457564,0.500793
7822,0.172797,0.533878,0.316691,0.512874
7823,0.92658,0.391851,0.430149,0.530554
7824,0.149228,0.480156,0.562301,0.525719
7825,0.631214,0.526923,0.413281,0.468597
7826,0.638057,0.500049,0.541865,0.535465
7827,0.772575,0.547404,0.652816,0.533874
7828,0.567962,0.622377,0.332662,0.42754
7829,0.0226033,0.31768,0.50893,0.472777
7830,0.55227,0.762284,0.581288,0.517486
7831,0.259512,0.454969,0.415862,0.522756
7832,0.919498,0.324308,0.565328,0.467871
7833,0.129558,0.339155,0.48263,0.496727
7834,0.15903,0.621433,0.401637,0.503619
7835,0.120018,0.37896,0.545598,0.560075
7836,0.889655,0.354249,0.449407,0.510809
7837,0.0478606,0.326336,0.530754,0.502492
7838,0.0159466,0.958487,0.344214,0.496766
7839,0.501846,0.731166,0.547645,0.503322
7840,0.00991214,0.707982,0.459507,0.480107
7841,0.0343743,0.417596,0.420809,0.458467
7842,0.286904,0.686833,0.505534,0.46915
7843,0.480519,0.416501,0.539169,0.518223
7844,0.736861,0.792498,0.455858,0.528256
7845,0.366121,0.748636,0.511677,0.546691
7846,0.660773,0.28235,0.530675,0.496828
7847,0.697874,0.182016,0.426495,0.500653
7848,0.679619,0.12702,0.426143,0.503977
7849,0.730204,0.311562,0.548846,0.465066
7850,0.971467,0.632195,0.485661,0.522855
7851,0.671107,0.639272,0.362134,0.499435
7852,0.313201,0.901905,0.53468,0.483886
7853,0.868832,0.607853,0.513266,0.53964
7854,0.233378,0.462479,0.542827,0.495815
7855,0.49433,0.326214,0.563516,0.481271
7856,0.26341,0.791174,0.470236,0.510313
7857,0.791983,0.172399,0.442696,0.553387
7858,0.734001,0.241908,0.472061,0.492447
7859,0.169867,0.595983,0.580023,0.507634
7860,0.401295,0.780372,0.565716,0.471434
7861,0.965194,0.352749,0.514679,0.501945
7862,0.563609,0.740024,0.577199,0.52858
7863,0.552084,0.630083,0.475067,0.517078
7864,0.579746,0.631768,0.6039,0.476142
7865,0.796148,0.375265,0.568847,0.472574
7866,0.437717,0.434918,0.509053,0.437034
7867,0.723736,0.522714,0.552803,0.517816
7868,0.0746684,0.209779,0.387939,0.49134
7869,0.0142034,0.487485,0.628949,0.486433
7870,0.71589,0.368481,0.445922,0.482521
7871,0.883844,0.410083,0.499251,0.50464
7872,0.508029,0.539325,0.470908,0.492565
7873,0.413884,0.790821,0.625021,0.490235
7874,0.380421,0.552219,0.542334,0.49233
7875,0.805624,0.44908,0.507068,0.479054
7876,0.235815,0.539903,0.495168,0.522
7877,0.387191,0.414143,0.464301,0.512612
7878,0.55695,0.910827,0.453468,0.510717
7879,0.390758,0.696931,0.48158,0.486975
7880,0.542572,0.302011,0.541976,0.555037
7881,0.889956,0.758972,0.394171,0.46224
7882,0.489,0.35384,0.65471,0.489859
7883,0.538466,0.408272,0.439905,0.51717
7884,0.314198,0.546145,0.54946,0.524463
7885,0.382471,0.690371,0.267194,0.465138
7886,0.178712,0.790147,0.464164,0.458995
7887,0.669635,0.436673,0.359668,0.525955
7888,0.63655,0.586791,0.600256,0.489182
7889,0.9813,0.461311,0.470711,0.471638
7890,0.0418221,0.710807,0.474417,0.516393
7891,0.971413,0.979849,0.640904,0.497145
7892,0.620118,0.335417,0.548438,0.483947
7893,0.903179,0.236682,0.722068,0.470611
7894,0.667849,0.889802,0.504357,0.469026
7895,0.398827,0.704876,0.533842,0.516105
7896,0.967588,0.801315,0.351322,0.502023
7897,0.33771,0.408445,0.543727,0.548598
7898,0.304129,0.379888,0.451047,0.42783
7899,0.29841,0.382445,0.463368,0.51549
7900,0.824952,0.433112,0.560153,0.490789
7901,0.436317,0.235006,0.596051,0.520944
7902,0.0787555,0.463977,0.476708,0.49001
7903,0.284642,0.785854,0.442601,0.498228
7904,0.387495,0.295655,0.431803,0.540216
7905,0.152716,0.652933,0.622704,0.474694
7906,0.732963,0.276304,0.59025,0.494679
7907,0.752034,0.196833,0.495267,0.457973
7908,0.82541,0.367693,0.341414,0.467643
7909,0.43549,0.542085,0.405158,0.470447
7910,0.144432,0.209337,0.422645,0.486977
7911,0.661491,0.519642,0.368857,0.51394
7912,0.262024,0.609073,0.555663,0.503577
7913,0.69589,0.608068,0.567048,0.451255
7914,0.992169,0.31188,0.459424,0.504291
7915,0.4855,0.0380807,0.575041,0.528237
7916,0.849032,0.378017,0.482881,0.508963
7917,0.711761,0.398364,0.541812,0.507677
7918,0.249992,0.563321,0.452662,0.544219
7919,0.387805,0.245223,0.584964,0.459878
7920,0.162379,0.338126,0.42694,0.53395
7921,0.0585663,0.497305,0.53152,0.482901
7922,0.914513,0.643513,0.622717,0.487958
7923,0.773358,0.608794,0.466861,0.458013
7924,0.0702824,0.302111,0.576552,0.463037
7925,0.876506,0.545041,0.341781,0.522006
7926,0.496244,0.634493,0.472689,0.477805
7927,0.666059,0.469251,0.401529,0.562958
7928,0.438563,0.698492,0.462632,0.506138
7929,0.103152,0.478627,0.46541,0.523817
7930,0.756899,0.579134,0.334774,0.498952
7931,0.316443,0.553738,0.454522,0.489774
7932,0.231196,0.764722,0.478603,0.496049
7933,0.25712,0.0689768,0.581913,0.478769
7934,0.296045,0.135175,0.56838,0.521638
7935,0.839117,0.565355,0.417064,0.495761
7936,0.0855214,0.474004,0.509259,0.459374
7937,0.201891,0.382698,0.30414,0.495678
7938,0.6162,0.415698,0.518727,0.490546
7939,0.329265,0.399414,0.532643,0.477856
7940,0.797647,0.464515,0.442922,0.521861
7941,0.0208445,0.377206,0.388334,0.485776
7942,0.873839,0.27644,0.567757,0.546938
7943,0.0763797,0.859843,0.672555,0.503747
7944,0.506383,0.292455,0.601444,0.484502
7945,0.884176,0.273189,0.567686,0.5026
7946,0.707163,0.136096,0.375043,0.481051
7947,0.418056,0.600432,0.568389,0.464188
7948,0.0319132,0.670455,0.527976,0.480428
7949,0.493976,0.659808,0.398051,0.537834
7950,0.279042,0.300416,0.586238,0.525545
7951,0.162102,0.385413,0.497044,0.533676
7952,0.782969,0.0388519,0.500741,0.463774
7953,0.982175,0.682161,0.531058,0.519849
7954,0.350363,0.6692,0.513927,0.425827
7955,0.0253058,0.327815,0.576474,0.519989
7956,0.0243158,0.970427,0.532026,0.471992
7957,0.853143,0.531938,0.555189,0.484887
7958,0.0766648,0.664635,0.566656,0.482886
7959,0.334536,0.385299,0.487385,0.505259
7960,0.882104,0.212888,0.467755,0.51688
7961,0.272779,0.392956,0.457811,0.47948
7962,0.977143,0.819609,0.575075,0.544258
7963,0.421675,0.122654,0.494718,0.434869
7964,0.201345,0.873807,0.589044,0.503389
7965,0.492312,0.752833,0.53637,0.513247
7966,0.743795,0.35808,0.360515,0.516901
7967,0.298401,0.825992,0.297324,0.455722
7968,0.857101,0.658468,0.46044,0.518546
7969,0.959533,0.537565,0.488373,0.437463
7970,0.229972,0.501021,0.394666,0.502575
7971,0.868768,0.401791,0.666973,0.500017
7972,0.114763,0.55324,0.56001,0.477061
7973,0.433611,0.501676,0.488007,0.498315
7974,0.978302,0.418362,0.75526,0.504734
7975,0.144505,0.727529,0.518117,0.459618
7976,0.547191,0.339263,0.516329,0.479758
7977,0.621475,0.544958,0.450732,0.483275
7978,0.32064,0.55946,0.500568,0.521452
7979,0.656308,0.54053,0.434759,0.512224
7980,0.415794,0.319518,0.481637,0.482544
7981,0.152038,0.147174,0.621613,0.521089
7982,0.616365,0.434328,0.335989,0.529427
7983,0.959171,0.546074,0.414921,0.523891
7984,0.533473,0.705316,0.466276,0.506379
7985,0.476443,0.621424,0.411821,0.494328
7986,0.205182,0.24999,0.462845,0.580214
7987,0.234849,0.370612,0.308481,0.480717
7988,0.830651,0.857005,0.386903,0.514457
7989,0.123557,0.779809,0.551438,0.469663
7990,0.658129,0.658271,0.578586,0.524336
7991,0.392455,0.644314,0.440209,0.540833
7992,0.178381,0.691853,0.442123,0.505671
7993,0.964679,0.46347,0.513723,0.514026
7994,0.843416,0.332822,0.59772,0.467495
7995,0.62024,0.42,0.433643,0.488902
7996,0.678191,0.305679,0.489102,0.480203
7997,0.283055,0.482678,0.572098,0.510839
7998,0.0160883,0.8167,0.504885,0.583464
7999,0.377961,0.56098,0.577525,0.499254
8000,0.456466,0.512517,0.58058,0.492907
8001,0.75421,0.798373,0.539587,0.483632
8002,0.832473,0.782134,0.419269,0.581141
8003,0.638612,0.0842965,0.486983,0.508273
8004,0.00767808,0.459446,0.423499,0.504847
8005,0.393059,0.398929,0.562092,0.505855
8006,0.0284623,0.798524,0.589026,0.511362
8007,0.558386,0.841573,0.475884,0.49681
8008,0.977695,0.655366,0.490426,0.497028
8009,0.302727,0.617022,0.529933,0.534553
8010,0.0376517,0.253212,0.554195,0.558131
8011,0.410767,0.157887,0.532001,0.501904
8012,0.784185,0.658964,0.567989,0.489817
8013,0.0760922,0.610805,0.6624,0.518176
8014,0.520111,0.114315,0.487805,0.52673
8015,0.769776,0.618165,0.517196,0.524136
8016,0.110301,0.361036,0.539986,0.505978
8017,0.0813518,0.608181,0.62081,0.49903
8018,0.490453,0.730889,0.581132,0.448235
8019,0.74241,0.766199,0.632886,0.520104
8020,0.711297,0.390824,0.416511,0.51633
8021,0.95299,0.677328,0.617654,0.48015
8022,0.246256,0.360182,0.576369,0.529307
8023,0.173776,0.426921,0.616089,0.504028
8024,0.428592,0.858593,0.536685,0.529097
8025,0.47392,0.322886,0.601046,0.493663
8026,0.782604,0.184607,0.227032,0.493136
8027,0.791736,0.728732,0.470362,0.510952
8028,0.255395,0.663528,0.55633,0.483626
8029,0.956453,0.384716,0.580614,0.529292
8030,0.919501,0.884607,0.504244,0.470115
8031,0.300997,0.427766,0.483563,0.476638
8032,0.841981,0.755684,0.610334,0.495651
8033,0.211084,0.492173,0.486616,0.521564
8034,0.456376,0.582761,0.349256,0.495668
8035,0.528482,0.245811,0.622515,0.453619
8036,0.222889,0.414274,0.402618,0.486356
8037,0.453555,0.845633,0.469013,0.543829
8038,0.698395,0.446462,0.545232,0.500594
8039,0.379954,0.741414,0.592909,0.55425
8040,0.704846,0.725673,0.576623,0.525301
8041,0.981756,0.690902,0.485926,0.525379
8042,0.475499,0.771319,0.453123,0.55183
8043,0.0786104,0.540279,0.56821,0.51249
8044,0.841393,0.509194,0.471121,0.494633
8045,0.312902,0.540412,0.62707,0.501054
8046,0.0059998,0.367251,0.598348,0.516622
8047,0.874856,0.544751,0.568405,0.486889
8048,0.962729,0.50557,0.447171,0.498054
8049,0.585107,0.684938,0.580598,0.514797
8050,0.757432,0.499083,0.340714,0.491165
8051,0.0663905,0.698645,0.340196,0.495312
8052,0.707941,0.333243,0.522044,0.504537
8053,0.491559,0.225431,0.582284,0.490945
8054,0.84967,0.520479,0.605534,0.488893
8055,0.141849,0.366331,0.474276,0.462663
8056,0.958681,0.714631,0.467289,0.457915
8057,0.644559,0.318528,0.472131,0.488576
8058,0.95675,0.774273,0.557883,0.529104
8059,0.520705,0.444471,0.499579,0.478702
8060,0.19196,0.0245522,0.485636,0.506027
8061,0.0938515,0.340822,0.501384,0.441424
8062,0.428481,0.465883,0.585501,0.521594
8063,0.537151,0.69956,0.413481,0.504402
8064,0.904476,0.624617,0.602501,0.49622
8065,0.500871,0.693185,0.545574,0.532542
8066,0.210898,0.264471,0.402455,0.497813
8067,0.804993,0.440064,0.422826,0.45954
8068,0.917789,0.591656,0.38227,0.469467
8069,0.168566,0.63178,0.437601,0.520501
8070,0.742481,0.626107,0.541622,0.536782
8071,0.171839,0.601883,0.55289,0.516794
8072,0.214748,0.758783,0.559662,0.477322
8073,0.434681,0.158984,0.577149,0.471387
8074,0.393535,0.104308,0.477741,0.520053
8075,0.36032,0.450836,0.387048,0.520906
8076,0.801212,0.460587,0.577206,0.491185
8077,0.76305,0.654701,0.424709,0.484499
8078,0.158167,0.618254,0.385409,0.502341
8079,0.806886,0.374104,0.673484,0.505908
8080,0.90796,0.567769,0.518402,0.501033
8081,0.839507,0.783645,0.463529,0.523541
8082,0.567174,0.252618,0.421561,0.54356
8083,0.818645,0.319947,0.608774,0.486383
8084,0.776498,0.432423,0.562525,0.452684
8085,0.942159,0.671471,0.411551,0.510434
8086,0.437336,0.692579,0.425698,0.526871
8087,0.118358,0.214726,0.501183,0.475605
8088,0.0965001,0.426653,0.463432,0.492936
8089,0.374463,0.484369,0.576261,0.524759
8090,0.785823,0.44312,0.612069,0.521369
8091,0.248428,0.689154,0.536029,0.566715
8092,0.825125,0.59048,0.53608,0.477375
8093,0.606951,0.14222,0.544069,0.534531
8094,0.601675,0.695435,0.507262,0.425299
8095,0.736527,0.920002,0.406005,0.463046
8096,0.219018,0.318522,0.548122,0.525408
8097,0.471619,0.40187,0.44561,0.527495
8098,0.169801,0.800048,0.547765,0.48653
8099,0.937306,0.265062,0.413009,0.537944
8100,0.204431,0.379928,0.549675,0.532893
8101,0.0124727,0.608907,0.490119,0.487783
8102,0.183211,0.563449,0.541144,0.494526
8103,0.0739685,0.751141,0.364237,0.488118
8104,0.111528,0.816019,0.584579,0.468911
8105,0.85615,0.365622,0.353879,0.469541
8106,0.258894,0.342477,0.420186,0.487599
8107,0.196629,0.668247,0.531202,0.520328
8108,0.874043,0.891191,0.625989,0.476283
8109,0.885959,0.219118,0.465643,0.523334
8110,0.900956,0.570695,0.552639,0.458838
8111,0.00655678,0.515929,0.560364,0.539276
8112,0.269604,0.343395,0.445307,0.524821
8113,0.95812,0.443828,0.469033,0.486796
8114,0.0465042,0.87845,0.543839,0.474259
8115,0.190253,0.516012,0.550326,0.522479
8116,0.0300834,0.312116,0.49613,0.513579
8117,0.98619,0.471502,0.459041,0.469414
8118,0.606831,0.390551,0.381395,0.500304
8119,0.957577,0.212766,0.562511,0.520964
8120,0.72241,0.197718,0.27639,0.507786
8121,0.252944,0.591203,0.37525,0.481465
8122,0.80642,0.692336,0.379051,0.46041
8123,0.745034,0.377807,0.716994,0.525334
8124,0.381716,0.572453,0.387054,0.484489
8125,0.821728,0.471298,0.463889,0.48542
8126,0.459181,0.498691,0.501749,0.51986
8127,0.859024,0.760949,0.5372,0.465401
8128,0.820119,0.428967,0.561953,0.487335
8129,0.663293,0.302138,0.457797,0.558357
8130,0.845328,0.456227,0.5795,0.505011
8131,0.493069,0.605644,0.528536,0.505717
8132,0.341727,0.387805,0.490397,0.477137
8133,0.0601974,0.566437,0.518406,0.477673
8134,0.709929,0.53357,0.389965,0.520228
8135,0.82548,0.391753,0.576254,0.524221
8136,0.929661,0.424827,0.444519,0.515159
8137,0.188378,0.446374,0.575397,0.518407
8138,0.64817,0.448474,0.417277,0.488967
8139,0.52579,0.780098,0.383957,0.529399
8140,0.65245,0.718804,0.471647,0.54703
8141,0.912718,0.691728,0.513362,0.465268
8142,0.231645,0.945575,0.348656,0.53229
8143,0.174764,0.700712,0.490686,0.533065
8144,0.539607,0.417117,0.495733,0.496218
8145,0.897282,0.608858,0.504071,0.519895
8146,0.529927,0.439872,0.384438,0.48926
8147,0.00761577,0.62578,0.533509,0.488755
8148,0.130441,0.594841,0.630905,0.478633
8149,0.46708,0.580683,0.468415,0.505352
8150,0.963559,0.605847,0.60727,0.492034
8151,0.665936,0.662218,0.583493,0.494916
8152,0.593314,0.622854,0.446729,0.44854
8153,0.331206,0.774943,0.562168,0.534295
8154,0.866405,0.51027,0.541084,0.499567
8155,0.901917,0.238441,0.582937,0.490212
8156,0.187913,0.810286,0.603834,0.437149
8157,0.570172,0.211545,0.490118,0.521072
8158,0.820748,0.510663,0.551096,0.505601
8159,0.498986,0.583386,0.445246,0.505604
8160,0.000376155,0.854068,0.627314,0.448304
8161,0.205177,0.596669,0.527129,0.475058
8162,0.248078,0.585809,0.476104,0.489499
8163,0.104661,0.32916,0.427931,0.481906
8164,0.576086,0.684741,0.493733,0.512335
8165,0.424641,0.436145,0.513149,0.494326
8166,0.28851,0.80706,0.589855,0.465507
8167,0.731942,0.524877,0.423449,0.477569
8168,0.219722,0.676557,0.527935,0.5435
8169,0.0829968,0.745362,0.330275,0.524046
8170,0.48502,0.639257,0.567826,0.562641
8171,0.861148,0.42933,0.688898,0.482068
8172,0.395163,0.387423,0.453034,0.465382
8173,0.566728,0.69721,0.389573,0.449372
8174,0.914113,0.580278,0.560526,0.491496
8175,0.319911,0.642198,0.498646,0.505629
8176,0.563616,0.568888,0.488281,0.511208
8177,0.419903,0.500342,0.466707,0.461764
8178,0.287467,0.273316,0.677879,0.506471
8179,0.358856,0.613461,0.485664,0.533855
8180,0.82779,0.759421,0.484845,0.504131
8181,0.331641,0.571807,0.429238,0.472259
8182,0.210897,0.18339,0.56766,0.535035
8183,0.966905,0.701715,0.457275,0.501154
8184,0.44013,0.529021,0.531178,0.480229
8185,0.0256044,0.243039,0.583191,0.4839
8186,0.655494,0.309073,0.382709,0.465257
8187,0.844468,0.285074,0.536274,0.442459
8188,0.277473,0.626113,0.512505,0.451091
8189,0.289832,0.585613,0.507693,0.494922
8190,0.104909,0.354393,0.398016,0.466862
8191,0.405153,0.701467,0.583344,0.508706
8192,0.132561,0.197049,0.600314,0.472524
8193,0.596083,0.42037,0.707661,0.48813
8194,0.532822,0.529152,0.543244,0.529973
8195,0.505753,0.434273,0.383566,0.485529
8196,0.630491,0.775659,0.367488,0.472961
8197,0.451937,0.824756,0.546285,0.461735
8198,0.981981,0.4558,0.504953,0.532503
8199,0.577897,0.577591,0.597978,0.49185
8200,0.907577,0.308614,0.425149,0.533657
8201,0.495726,0.31075,0.559787,0.501531
8202,0.113718,0.377427,0.434323,0.507246
8203,0.689028,0.513826,0.44774,0.528052
8204,0.209503,0.588066,0.473294,0.469574
8205,0.292153,0.328984,0.432383,0.500176
8206,0.633437,0.386706,0.541619,0.481139
8207,0.500521,0.402991,0.557961,0.502521
8208,0.249779,0.664687,0.526218,0.454128
8209,0.44208,0.0706306,0.3328,0.480354
8210,0.338452,0.69453,0.401588,0.502335
8211,0.790537,0.693905,0.372673,0.498028
8212,0.649126,0.232905,0.45535,0.494387
8213,0.829218,0.0819572,0.485946,0.516194
8214,0.951285,0.557058,0.530541,0.528655
8215,0.311182,0.285637,0.58141,0.490958
8216,0.838702,0.799452,0.588888,0.520224
8217,0.153715,0.559022,0.462578,0.520311
8218,0.571763,0.470721,0.584628,0.469072
8219,0.365123,0.743882,0.578258,0.519421
8220,0.39838,0.41239,0.384265,0.517878
8221,0.131179,0.6215,0.591963,0.438772
8222,0.0890472,0.778768,0.490844,0.496205
8223,0.195939,0.349678,0.500752,0.520898
8224,0.515134,0.649175,0.47345,0.504716
8225,0.367381,0.831951,0.700762,0.52695
8226,0.230252,0.625033,0.541269,0.502716
8227,0.63818,0.152892,0.450582,0.524007
8228,0.842005,0.810061,0.362119,0.459422
8229,0.674513,0.874657,0.706519,0.517056
8230,0.982073,0.518122,0.502904,0.541048
8231,0.484703,0.233331,0.450198,0.527361
8232,0.92701,0.770989,0.394295,0.444464
8233,0.913848,0.468358,0.384453,0.542091
8234,0.208635,0.471935,0.628994,0.449582
8235,0.686936,0.339121,0.59628,0.463925
8236,0.132262,0.213977,0.688846,0.562431
8237,0.990189,0.779455,0.507596,0.497385
8238,0.611438,0.668782,0.473843,0.486931
8239,0.263168,0.46328,0.376964,0.522037
8240,0.800986,0.531644,0.590761,0.513702
8241,0.762537,0.533466,0.545824,0.533684
8242,0.351235,0.314129,0.445552,0.500333
8243,0.0746879,0.41109,0.456946,0.451879
8244,0.734946,0.216865,0.398063,0.491762
8245,0.968665,0.0872867,0.399927,0.466394
8246,0.198245,0.344523,0.575855,0.496722
8247,0.332204,0.366118,0.522484,0.513896
8248,0.854151,0.682369,0.427059,0.528496
8249,0.103224,0.505183,0.530772,0.492896
8250,0.924107,0.502412,0.401949,0.561745
8251,0.676713,0.432465,0.523995,0.496081
8252,0.417935,0.454291,0.329098,0.571639
8253,0.0727802,0.446866,0.496549,0.480322
8254,0.630412,0.655714,0.56296,0.510497
8255,0.270013,0.853123,0.351933,0.490368
8256,0.241205,0.357065,0.598576,0.449589
8257,0.62883,0.383625,0.396497,0.513602
8258,0.0646667,0.830886,0.497059,0.49475
8259,0.82913,0.505219,0.613932,0.512218
8260,0.947727,0.525502,0.504256,0.536514
8261,0.521967,0.452744,0.387972,0.499544
8262,0.851717,0.523349,0.63037,0.477713
8263,0.713701,0.465461,0.51736,0.497021
8264,0.125796,0.777158,0.286642,0.507563
8265,0.216498,0.473392,0.433694,0.465881
8266,0.519663,0.788165,0.584234,0.494525
8267,0.762075,0.224232,0.35847,0.514836
8268,0.109009,0.0501991,0.607754,0.506544
8269,0.263145,0.298395,0.373151,0.501235
8270,0.683152,0.299325,0.664246,0.522629
8271,0.775714,0.492688,0.521819,0.521378
8272,0.470542,0.317535,0.593741,0.515961
8273,0.17486,0.472741,0.509811,0.466521
8274,0.628845,0.962524,0.466345,0.481358
8275,0.54615,0.669739,0.333525,0.515733
8276,0.824421,0.248059,0.515074,0.533571
8277,0.233124,0.505925,0.46473,0.502021
8278,0.599346,0.801483,0.438206,0.507531
8279,0.746958,0.778179,0.608863,0.509145
8280,0.458655,0.584076,0.405947,0.514748
8281,0.133618,0.0233592,0.555622,0.525945
8282,0.470632,0.801332,0.52681,0.428995
8283,0.486142,0.592252,0.395586,0.467085
8284,0.126284,0.486465,0.498831,0.482692
8285,0.0442821,0.411466,0.49434,0.526332
8286,0.348059,0.836762,0.446578,0.448857
8287,0.912194,0.500937,0.533838,0.498783
8288,0.090929,0.774373,0.569257,0.478192
8289,0.497235,0.768938,0.518134,0.45236
8290,0.357601,0.452422,0.400236,0.470153
8291,0.0386342,0.807933,0.613556,0.522185
8292,0.519175,0.425455,0.539594,0.508758
8293,0.789758,0.667386,0.631958,0.515116
8294,0.97847,0.8757,0.522921,0.486732
8295,0.414685,0.273971,0.480416,0.533003
8296,0.445201,0.839366,0.53128,0.487972
8297,0.167769,0.240303,0.478628,0.510372
8298,0.453575,0.0673955,0.507423,0.45682
8299,0.910168,0.560627,0.378625,0.516841
8300,0.871834,0.697523,0.597462,0.476328
8301,0.166331,0.479435,0.496665,0.513455
8302,0.834249,0.756315,0.476,0.518926
8303,0.655863,0.325248,0.567868,0.503447
8304,0.84128,0.334659,0.589637,0.51403
8305,0.96256,0.52939,0.585424,0.512677
8306,0.180585,0.724219,0.625535,0.515967
8307,0.0102267,0.720063,0.544322,0.499635
8308,0.388999,0.493478,0.452505,0.56585
8309,0.552621,0.629006,0.374403,0.474547
8310,0.370103,0.635256,0.483942,0.455703
8311,0.702118,0.327982,0.451571,0.477441
8312,0.722677,0.34642,0.503245,0.512426
8313,0.810699,0.733862,0.67674,0.499869
8314,0.292978,0.528807,0.535374,0.49925
8315,0.388362,0.674016,0.39339,0.479394
8316,0.438385,0.484176,0.599556,0.518033
8317,0.0572112,0.537714,0.471607,0.491403
8318,0.265735,0.368991,0.520918,0.552492
8319,0.59466,0.622829,0.451313,0.523387
8320,0.447335,0.497849,0.562492,0.481143
8321,0.407904,0.548717,0.369777,0.494804
8322,0.0173868,0.482612,0.683755,0.488243
8323,0.177384,0.635492,0.547676,0.533379
8324,0.0451151,0.191536,0.685171,0.452618
8325,0.86571,0.713523,0.521874,0.506547
8326,0.238886,0.597586,0.549292,0.492797
8327,0.319694,0.625294,0.448958,0.543998
8328,0.372925,0.788277,0.37919,0.501534
8329,0.542627,0.650773,0.367976,0.554376
8330,0.491322,0.855627,0.520102,0.494726
8331,0.894595,0.824301,0.531743,0.559873
8332,0.715537,0.730816,0.501912,0.516952
8333,0.467766,0.374693,0.526121,0.473872
8334,0.199384,0.51851,0.493761,0.474218
8335,0.495023,0.637505,0.679092,0.494265
8336,0.62812,0.388076,0.54699,0.544795
8337,0.776937,0.166407,0.589147,0.502935
8338,0.879566,0.0814944,0.712458,0.488508
8339,0.220651,0.595625,0.370472,0.513967
8340,0.914451,0.779766,0.507466,0.504009
8341,0.534477,0.379827,0.544952,0.495753
8342,0.938812,0.177754,0.4226,0.485923
8343,0.565485,0.584216,0.593284,0.513651
8344,0.779624,0.508637,0.437833,0.519601
8345,0.573904,0.532519,0.34297,0.508036
8346,0.00658954,0.593816,0.419205,0.553239
8347,0.58067,0.576528,0.445412,0.485557
8348,0.994408,0.688818,0.413433,0.528706
8349,0.343583,0.299368,0.475243,0.50239
8350,0.415698,0.570347,0.59475,0.496398
8351,0.47347,0.368736,0.510628,0.459734
8352,0.235598,0.587774,0.639808,0.478731
8353,0.308924,0.455155,0.387121,0.550558
8354,0.114653,0.550054,0.488873,0.523646
8355,0.494849,0.734563,0.454215,0.503656
8356,0.662818,0.330113,0.491004,0.525584
8357,0.714317,0.545878,0.431229,0.519282
8358,0.873822,0.932259,0.590028,0.515737
8359,0.382103,0.595249,0.57428,0.4831
8360,0.66948,0.777002,0.506686,0.439239
8361,0.885636,0.439819,0.567105,0.517681
8362,0.441269,0.541793,0.38154,0.465559
8363,0.745848,0.54099,0.411966,0.501327
8364,0.172245,0.591717,0.46803,0.470145
8365,0.415695,0.437519,0.513666,0.522626
8366,0.521485,0.320464,0.523391,0.527243
8367,0.0774862,0.329742,0.315713,0.52101
8368,0.00404674,0.588239,0.479186,0.522442
8369,0.897762,0.51198,0.395608,0.498597
8370,0.706171,0.667452,0.451375,0.483117
8371,0.927863,0.504333,0.402821,0.510696
8372,0.33135,0.357011,0.34439,0.460356
8373,0.951522,0.901125,0.488925,0.511357
8374,0.302322,0.417833,0.452733,0.518547
8375,0.16274,0.372598,0.485458,0.489972
8376,0.563944,0.553566,0.452913,0.486729
8377,0.436436,0.765846,0.352992,0.479226
8378,0.306919,0.745893,0.401008,0.495463
8379,0.897316,0.338326,0.634821,0.527621
8380,0.158578,0.867797,0.529871,0.534045
8381,0.502329,0.228341,0.613132,0.458432
8382,0.403478,0.464333,0.523312,0.512938
8383,0.0803967,0.691622,0.541131,0.495045
8384,0.885749,0.372769,0.507738,0.527893
8385,0.73825,0.274003,0.491336,0.503647
8386,0.0437635,0.476713,0.514485,0.52823
8387,0.0377146,0.391573,0.570342,0.470809
8388,0.537763,0.553288,0.611118,0.522133
8389,0.618882,0.380304,0.524787,0.502875
8390,0.574677,0.305858,0.350491,0.51706
8391,0.361043,0.715111,0.490562,0.516315
8392,0.36801,0.269502,0.478234,0.498417
8393,0.902503,0.660031,0.500192,0.486329
8394,0.528365,0.505344,0.396663,0.503091
8395,0.081289,0.20451,0.59915,0.490278
8396,0.584474,0.715717,0.581589,0.546878
8397,0.0139157,0.293375,0.592542,0.43802
8398,0.0719801,0.266896,0.526077,0.471604
8399,0.294918,0.610328,0.569901,0.480687
8400,0.449545,0.147985,0.334617,0.518872
8401,0.876774,0.780758,0.543019,0.480662
8402,0.0774647,0.628446,0.492996,0.451601
8403,0.497606,0.672553,0.390534,0.52524
8404,0.593991,0.896918,0.520742,0.518499
8405,0.488135,0.470484,0.443121,0.510269
8406,0.0927527,0.393017,0.44211,0.467091
8407,0.459516,0.473512,0.393577,0.509755
8408,0.322664,0.638237,0.558512,0.531284
8409,0.818217,0.484345,0.299048,0.505711
8410,0.851567,0.777394,0.434759,0.517539
8411,0.164421,0.782613,0.405585,0.531645
8412,0.416451,0.3088,0.486072,0.522793
8413,0.653525,0.349642,0.607638,0.496615
8414,0.933571,0.574075,0.459603,0.527298
8415,0.210073,0.533381,0.445029,0.492183
8416,0.318816,0.738979,0.437671,0.476066
8417,0.783605,0.804906,0.546072,0.544491
8418,0.270196,0.445033,0.650846,0.464924
8419,0.178629,0.75339,0.370149,0.494756
8420,0.891774,0.394253,0.383938,0.506567
8421,0.681444,0.523248,0.612844,0.528061
8422,0.780573,0.648816,0.608251,0.438376
8423,0.35112,0.52081,0.384183,0.501698
8424,0.0475421,0.513371,0.368641,0.480813
8425,0.484428,0.223925,0.495505,0.523499
8426,0.319256,0.373204,0.408369,0.506838
8427,0.24523,0.148206,0.403569,0.522312
8428,0.576624,0.393607,0.512456,0.486915
8429,0.804925,0.338829,0.40714,0.509993
8430,0.0319654,0.306453,0.386799,0.492154
8431,0.756157,0.783194,0.529628,0.46942
8432,0.125458,0.663906,0.64622,0.480992
8433,0.563983,0.773242,0.541751,0.494623
8434,0.262538,0.595885,0.390389,0.53318
8435,0.0998226,0.642355,0.467825,0.518967
8436,0.407745,0.725349,0.622097,0.494613
8437,0.744083,0.743866,0.64943,0.529467
8438,0.355137,0.440593,0.542291,0.527588
8439,0.688777,0.52276,0.630524,0.501949
8440,0.900361,0.808842,0.533361,0.489268
8441,0.511643,0.77392,0.513789,0.526963
8442,0.478361,0.335143,0.490197,0.513419
8443,0.875208,0.615279,0.446243,0.502862
8444,0.170631,0.548427,0.416964,0.491097
8445,0.600449,0.944429,0.602222,0.513254
8446,0.29607,0.575769,0.640053,0.544815
8447,0.00244826,0.713882,0.575296,0.504261
8448,0.956409,0.403635,0.545069,0.531917
8449,0.92519,0.399849,0.717592,0.487514
8450,0.663849,0.274428,0.497655,0.5734
8451,0.215263,0.601126,0.58044,0.520346
8452,0.679594,0.557021,0.422057,0.452727
8453,0.0805365,0.0293495,0.558622,0.489437
8454,0.186476,0.576645,0.494845,0.531701
8455,0.257453,0.805242,0.39116,0.499115
8456,0.379682,0.496981,0.544627,0.54753
8457,0.365272,0.524433,0.433824,0.506037
8458,0.483329,0.386102,0.574207,0.473213
8459,0.269318,0.86955,0.588744,0.515001
8460,0.424916,0.8673,0.669196,0.49525
8461,0.160869,0.168681,0.396177,0.539215
8462,0.334303,0.564833,0.517198,0.543264
8463,0.0923342,0.738436,0.570625,0.502366
8464,0.769292,0.882104,0.440386,0.484879
8465,0.516787,0.453297,0.586023,0.490892
8466,0.883788,0.767406,0.559253,0.48612
8467,0.467878,0.521875,0.558818,0.492315
8468,0.104855,0.789244,0.306606,0.505599
8469,0.496181,0.327263,0.388786,0.494499
8470,0.0360097,0.80809,0.537576,0.489824
8471,0.923511,0.615446,0.518087,0.516182
8472,0.797574,0.700069,0.486152,0.533591
8473,0.780157,0.66543,0.620257,0.518984
8474,0.759369,0.841453,0.621696,0.466487
8475,0.18555,0.976049,0.451785,0.471452
8476,0.934921,0.335207,0.414502,0.487372
8477,0.999436,0.141205,0.421183,0.520801
8478,0.814241,0.811496,0.404569,0.490183
8479,0.220564,0.52313,0.541699,0.529867
8480,0.753739,0.172985,0.528072,0.502944
8481,0.76121,0.0797375,0.538027,0.504381
8482,0.4183,0.307148,0.366525,0.537642
8483,0.0396808,0.577064,0.474654,0.490789
8484,0.913898,0.500531,0.611386,0.500576
8485,0.0867512,0.187151,0.638789,0.513785
8486,0.462249,0.4301,0.511919,0.451622
8487,0.216023,0.57372,0.322703,0.480627
8488,0.948739,0.39102,0.605761,0.470853
8489,0.411532,0.133504,0.599975,0.49659
8490,0.389699,0.374284,0.427439,0.438562
8491,0.65324,0.30784,0.372393,0.533982
8492,0.325758,0.66004,0.56307,0.555407
8493,0.0823128,0.33121,0.429001,0.491805
8494,0.966662,0.537297,0.4928,0.548969
8495,0.957295,0.64604,0.476483,0.514262
8496,0.114952,0.948302,0.405247,0.556819
8497,0.791908,0.603794,0.568725,0.450853
8498,0.50414,0.597427,0.622577,0.461233
8499,0.228086,0.68881,0.760531,0.518532
8500,0.668665,0.357913,0.558819,0.4341
8501,0.217765,0.676481,0.468257,0.505615
8502,0.182933,0.123122,0.428335,0.450452
8503,0.0947315,0.612983,0.476575,0.498451
8504,0.0026517,0.718827,0.476164,0.509336
8505,0.589634,0.622352,0.384978,0.479259
8506,0.890858,0.524523,0.521518,0.508526
8507,0.229824,0.442757,0.563677,0.528939
8508,0.926913,0.326988,0.696341,0.494049
8509,0.537551,0.335123,0.582525,0.510384
8510,0.253028,0.161414,0.650951,0.518529
8511,0.723633,0.516552,0.544955,0.538924
8512,0.256075,0.184606,0.56547,0.489951
8513,0.616213,0.729099,0.671761,0.50286
8514,0.555984,0.903513,0.467824,0.535383
8515,0.87803,0.364716,0.444913,0.451717
8516,0.63874,0.257134,0.519672,0.489665
8517,0.836111,0.332948,0.557114,0.52401
8518,0.182643,0.674713,0.581739,0.479349
8519,0.959335,0.202541,0.418909,0.521499
8520,0.345296,0.474386,0.384786,0.492943
8521,0.545132,0.578845,0.437493,0.501379
8522,0.540133,0.842592,0.522478,0.504069
8523,0.965729,0.575042,0.40551,0.509675
8524,0.562559,0.140965,0.581392,0.519626
8525,0.504821,0.411553,0.495019,0.459685
8526,0.735497,0.640542,0.524626,0.484978
8527,0.723343,0.852729,0.386867,0.550585
8528,0.835922,0.642352,0.418336,0.501226
8529,0.120132,0.560373,0.499359,0.398532
8530,0.3002,0.0970754,0.639661,0.497249
8531,0.799549,0.447029,0.503982,0.508053
8532,0.906288,0.458709,0.452903,0.490407
8533,0.855969,0.325045,0.461254,0.519516
8534,0.854957,0.722617,0.648702,0.467972
8535,0.454803,0.653225,0.442572,0.45745
8536,0.597038,0.712327,0.693274,0.505886
8537,0.972575,0.606583,0.474194,0.507344
8538,0.919183,0.558203,0.557425,0.520566
8539,0.757078,0.48874,0.687992,0.485224
8540,0.0590206,0.522692,0.383891,0.516188
8541,0.118078,0.435425,0.563948,0.489959
8542,0.188498,0.275325,0.523685,0.528369
8543,0.135436,0.513413,0.339012,0.499168
8544,0.678642,0.634088,0.47405,0.468407
8545,0.0322383,0.868909,0.584934,0.521311
8546,0.0193287,0.546532,0.381889,0.519414
8547,0.100533,0.321998,0.552192,0.515865
8548,0.551445,0.485445,0.414394,0.469466
8549,0.861263,0.49275,0.411234,0.508704
8550,0.968228,0.159705,0.632077,0.50864
8551,0.127392,0.30068,0.530568,0.541842
8552,0.533214,0.544473,0.407306,0.461411
8553,0.29903,0.698774,0.206413,0.453594
8554,0.837904,0.164925,0.46469,0.492537
8555,0.265898,0.639747,0.529566,0.464623
8556,0.570975,0.324069,0.270274,0.485913
8557,0.113346,0.443198,0.446252,0.496547
8558,0.490959,0.123961,0.365174,0.452573
8559,0.872291,0.481943,0.67386,0.509353
8560,0.0118737,0.597097,0.433625,0.475428
8561,0.463866,0.523335,0.525114,0.527899
8562,0.821354,0.743489,0.419525,0.478072
8563,0.864313,0.636319,0.393424,0.523491
8564,0.769714,0.547068,0.425217,0.471229
8565,0.866826,0.440225,0.400863,0.516732
8566,0.744016,0.341412,0.518654,0.509594
8567,0.486064,0.363723,0.41481,0.531519
8568,0.133994,0.120556,0.697329,0.43594
8569,0.52512,0.222358,0.51321,0.461065
8570,0.302613,0.311148,0.394686,0.5056
8571,0.0875215,0.393364,0.591679,0.496233
8572,0.327937,0.428461,0.489744,0.466975
8573,0.0538161,0.441003,0.621962,0.478103
8574,0.338227,0.163619,0.437116,0.546439
8575,0.708033,0.798353,0.621455,0.513247
8576,0.00994955,0.486094,0.52532,0.496667
8577,0.142779,0.507545,0.418077,0.528797
8578,0.34781,0.555889,0.414617,0.520781
8579,0.101801,0.567533,0.654612,0.49838
8580,0.272929,0.757575,0.590034,0.486588
8581,0.380476,0.352379,0.512551,0.477337
8582,0.837265,0.736274,0.415477,0.483592
8583,0.523982,0.27461,0.429102,0.478867
8584,0.490072,0.311818,0.610853,0.541762
8585,0.00562852,0.575205,0.544179,0.522407
8586,0.692595,0.88807,0.424586,0.537049
8587,0.344872,0.464257,0.511836,0.531454
8588,0.902591,0.401519,0.526738,0.521976
8589,0.664437,0.647612,0.493012,0.43945
8590,0.812754,0.34027,0.44877,0.484367
8591,0.0818245,0.236937,0.54643,0.503532
8592,0.118722,0.501627,0.527935,0.491333
8593,0.957509,0.447653,0.455052,0.475797
8594,0.834796,0.498492,0.618686,0.461901
8595,0.407836,0.195251,0.623705,0.545259
8596,0.825353,0.41093,0.556277,0.475343
8597,0.508171,0.207197,0.526309,0.51463
8598,0.507269,0.660227,0.330458,0.579975
8599,0.254776,0.778109,0.528167,0.526213
8600,0.790762,0.613112,0.41691,0.48139
8601,0.0368684,0.438298,0.64887,0.518354
8602,0.809101,0.70533,0.502443,0.513182
8603,0.38931,0.60567,0.476952,0.522193
8604,0.602544,0.458165,0.714474,0.52009
8605,0.268193,0.344086,0.464133,0.483414
8606,0.852618,0.647589,0.532989,0.504395
8607,0.380781,0.526049,0.552033,0.52646
8608,0.138564,0.669793,0.621609,0.501077
8609,0.929557,0.569863,0.561869,0.510823
8610,0.940957,0.411312,0.437432,0.493839
8611,0.251457,0.520086,0.613865,0.48275
8612,0.266466,0.0807396,0.504721,0.47886
8613,0.344456,0.555684,0.559258,0.461076
8614,0.768504,0.735251,0.462889,0.478322
8615,0.318274,0.596245,0.444627,0.519773
8616,0.121048,0.779136,0.423334,0.476717
8617,0.618005,0.544756,0.429686,0.497622
8618,0.960831,0.144911,0.336377,0.521497
8619,0.787741,0.594793,0.458851,0.47147
8620,0.0870437,0.51136,0.500205,0.476026
8621,0.816253,0.50199,0.452706,0.456042
8622,0.156924,0.375515,0.566307,0.471953
8623,0.00718028,0.407009,0.483022,0.474087
8624,0.542112,0.288895,0.506722,0.47397
8625,0.230629,0.511114,0.487436,0.470482
8626,0.256498,0.436646,0.523311,0.512235
8627,0.329763,0.677168,0.475747,0.437811
8628,0.872015,0.30953,0.562081,0.496121
8629,0.390364,0.541319,0.58254,0.486034
8630,0.810371,0.713017,0.269502,0.571825
8631,0.210372,0.955598,0.455792,0.482505
8632,0.29416,0.210424,0.607453,0.526084
8633,0.253511,0.887578,0.415158,0.514703
8634,0.749986,0.68394,0.54446,0.465894
8635,0.275658,0.561143,0.433804,0.546535
8636,0.810248,0.0682902,0.552813,0.478947
8637,0.504183,0.362051,0.474443,0.529552
8638,0.567162,0.169127,0.57237,0.507393
8639,0.0346685,0.329006,0.499317,0.515103
8640,0.00331467,0.758672,0.431541,0.497953
8641,0.36211,0.404396,0.536015,0.470696
8642,0.907288,0.685305,0.611625,0.4532
8643,0.915068,0.891109,0.679758,0.507367
8644,0.404881,0.653239,0.626252,0.506294
8645,0.240977,0.330884,0.562485,0.47922
8646,0.474932,0.804142,0.571685,0.518507
8647,0.191737,0.274013,0.432139,0.525261
8648,0.446235,0.604716,0.400844,0.502408
8649,0.163952,0.287984,0.450439,0.479938
8650,0.722948,0.177011,0.480911,0.50299
8651,0.855823,0.204834,0.407976,0.493862
8652,0.39258,0.239586,0.503358,0.50446
8653,0.466397,0.135125,0.451768,0.51741
8654,0.463581,0.538448,0.374347,0.495418
8655,0.758136,0.576848,0.392277,0.503643
8656,0.614345,0.807717,0.569237,0.536904
8657,0.113958,0.160584,0.340168,0.475808
8658,0.168119,0.48268,0.415744,0.430749
8659,0.62502,0.719302,0.390159,0.456521
8660,0.707328,0.346572,0.594825,0.450928
8661,0.284823,0.12854,0.372934,0.523485
8662,0.0816856,0.65369,0.26949,0.488398
8663,0.430032,0.303625,0.339355,0.555604
8664,0.61962,0.389338,0.46876,0.525459
8665,0.77228,0.746225,0.501924,0.526243
8666,0.549634,0.288654,0.654244,0.567692
8667,0.722258,0.951618,0.470648,0.485418
8668,0.521761,0.127203,0.509208,0.562815
8669,0.54105,0.497359,0.591786,0.485896
8670,0.215633,0.459789,0.561937,0.484547
8671,0.941963,0.628466,0.61548,0.505452
8672,0.766942,0.634718,0.484881,0.472431
8673,0.420194,0.36869,0.371256,0.496514
8674,0.499185,0.0852703,0.497072,0.542538
8675,0.545393,0.630425,0.552884,0.512706
8676,0.186194,0.354816,0.287491,0.478925
8677,0.657311,0.445038,0.525568,0.531269
8678,0.388452,0.603534,0.428045,0.474814
8679,0.430355,0.527044,0.565823,0.543663
8680,0.0613957,0.450205,0.624862,0.491452
8681,0.832831,0.496742,0.572846,0.526849
8682,0.895611,0.966573,0.65298,0.486136
8683,0.189242,0.591571,0.397112,0.535547
8684,0.485056,0.356595,0.532385,0.44642
8685,0.597553,0.551412,0.480706,0.516544
8686,0.225568,0.709287,0.538602,0.474732
8687,0.0713133,0.539011,0.401877,0.520779
8688,0.174744,0.479142,0.533066,0.514526
8689,0.728201,0.736396,0.384361,0.50102
8690,0.919844,0.25829,0.525411,0.522041
8691,0.135217,0.465019,0.618966,0.505166
8692,0.0425954,0.577769,0.352981,0.547394
8693,0.190367,0.293925,0.365137,0.479114
8694,0.977433,0.38221,0.602016,0.457846
8695,0.308558,0.603599,0.447417,0.504408
8696,0.46366,0.173089,0.321877,0.533047
8697,0.0702065,0.689539,0.426736,0.478455
8698,0.651016,0.346282,0.494546,0.454127
8699,0.305008,0.448292,0.52308,0.527883
8700,0.934315,0.518788,0.52274,0.479813
8701,0.41889,0.425619,0.641584,0.523825
8702,0.604219,0.569236,0.31465,0.431254
8703,0.411168,0.14845,0.539202,0.53337
8704,0.0131758,0.63698,0.52676,0.524197
8705,0.998992,0.492745,0.594502,0.463777
8706,0.133712,0.604991,0.345319,0.495283
8707,0.843948,0.325031,0.525417,0.459131
8708,0.597692,0.471383,0.451134,0.551519
8709,0.600487,0.486634,0.476453,0.484611
8710,0.855498,0.362885,0.363718,0.498192
8711,0.962169,0.662497,0.561493,0.515711
8712,0.872155,0.31276,0.358814,0.492896
8713,0.695236,0.619662,0.415625,0.484153
8714,0.680353,0.477768,0.513007,0.489202
8715,0.32981,0.625498,0.412523,0.501633
8716,0.985366,0.788009,0.49659,0.485214
8717,0.630944,0.182969,0.502288,0.462442
8718,0.0180622,0.0478439,0.411792,0.56302
8719,0.17779,0.409521,0.575507,0.504947
8720,0.653452,0.4372,0.518036,0.501216
8721,0.955652,0.674866,0.481034,0.496183
8722,0.319173,0.538314,0.564099,0.540262
8723,0.870363,0.43918,0.455471,0.534058
8724,0.56609,0.852763,0.500756,0.506567
8725,0.657375,0.698316,0.450024,0.500149
8726,0.557777,0.530069,0.500522,0.529459
8727,0.693567,0.739787,0.461935,0.521576
8728,0.489792,0.205637,0.345348,0.483864
8729,0.665193,0.426637,0.609851,0.440498
8730,0.757225,0.764787,0.601227,0.504438
8731,0.758063,0.377882,0.44077,0.52663
8732,0.253314,0.480458,0.501433,0.526772
8733,0.670994,0.211772,0.420525,0.538633
8734,0.746596,0.753053,0.544798,0.533398
8735,0.627294,0.632919,0.426699,0.514532
8736,0.967258,0.694501,0.431276,0.470087
8737,0.69714,0.720602,0.517085,0.513625
8738,0.999356,0.785499,0.477054,0.467181
8739,0.992869,0.551027,0.400035,0.465333
8740,0.628439,0.654135,0.483858,0.50516
8741,0.575354,0.47631,0.353213,0.477845
8742,0.543595,0.295685,0.547165,0.477049
8743,0.340127,0.155997,0.527153,0.459914
8744,0.101629,0.341573,0.464019,0.459038
8745,0.0554733,0.685764,0.42635,0.503107
8746,0.848065,0.507448,0.523106,0.452141
8747,0.0642351,0.653119,0.414788,0.48651
8748,0.925321,0.31988,0.357382,0.536635
8749,0.287598,0.769888,0.51284,0.519827
8750,0.489115,0.561027,0.545878,0.481698
8751,0.366029,0.446598,0.357954,0.502009
8752,0.678674,0.654026,0.589506,0.437386
8753,0.294625,0.288932,0.520929,0.483229
8754,0.905635,0.816286,0.445608,0.517614
8755,0.900899,0.376635,0.442239,0.508781
8756,0.154782,0.391419,0.596927,0.492936
8757,0.369756,0.363108,0.453779,0.460038
8758,0.173849,0.305137,0.518613,0.501774
8759,0.466001,0.631318,0.592881,0.504225
8760,0.347877,0.310385,0.570846,0.514664
8761,0.409898,0.313126,0.452319,0.515163
8762,0.40893,0.438679,0.411509,0.465522
8763,0.852186,0.851888,0.452475,0.489414
8764,0.472425,0.175544,0.665925,0.495983
8765,0.564023,0.354401,0.534432,0.497059
8766,0.959934,0.719944,0.597414,0.513434
8767,0.687441,0.266062,0.510881,0.52528
8768,0.739901,0.443631,0.474462,0.453567
8769,0.487566,0.730039,0.626143,0.486701
8770,0.248726,0.585315,0.443946,0.520736
8771,0.957108,0.678669,0.486964,0.467384
8772,0.430229,0.613025,0.539839,0.505718
8773,0.420453,0.805697,0.542697,0.48971
8774,0.0588469,0.373989,0.609066,0.466299
8775,0.670242,0.43521,0.441681,0.558578
8776,0.571491,0.638779,0.475005,0.479123
8777,0.436852,0.206191,0.461105,0.493186
8778,0.859417,0.145225,0.467513,0.526505
8779,0.587629,0.352782,0.342877,0.505558
8780,0.101952,0.53826,0.376644,0.454128
8781,0.957429,0.568605,0.35668,0.534494
8782,0.811128,0.529724,0.538665,0.527493
8783,0.240118,0.572506,0.54832,0.500409
8784,0.207352,0.549355,0.361024,0.522393
8785,0.0966985,0.62692,0.467456,0.472632
8786,0.311444,0.479365,0.589778,0.524731
8787,0.820033,0.50384,0.557201,0.519564
8788,0.23451,0.594495,0.533046,0.47133
8789,0.984733,0.0231574,0.603111,0.485209
8790,0.0657095,0.195884,0.522766,0.542561
8791,0.565939,0.367316,0.520993,0.505253
8792,0.466904,0.533269,0.638177,0.501077
8793,0.918431,0.541897,0.41721,0.514459
8794,0.897766,0.263787,0.376597,0.497779
8795,0.593419,0.848996,0.60918,0.501077
8796,0.552104,0.500058,0.502524,0.448815
8797,0.345989,0.658175,0.589252,0.480449
8798,0.921845,0.738295,0.512071,0.488334
8799,0.831698,0.295709,0.288629,0.504107
8800,0.594678,0.329707,0.566641,0.481084
8801,0.271138,0.330399,0.379128,0.512637
8802,0.777169,0.360058,0.374859,0.54152
8803,0.856921,0.630547,0.479149,0.488419
8804,0.126973,0.544626,0.353652,0.499175
8805,0.90171,0.504384,0.572306,0.513661
8806,0.774369,0.46233,0.50221,0.498281
8807,0.485068,0.866536,0.561643,0.494431
8808,0.256476,0.544732,0.434202,0.499914
8809,0.199786,0.154065,0.367281,0.520481
8810,0.821216,0.842933,0.5574,0.497223
8811,0.487336,0.543642,0.596357,0.427493
8812,0.330259,0.503154,0.374466,0.480856
8813,0.576126,0.388407,0.593664,0.484284
8814,0.593267,0.795055,0.314785,0.521335
8815,0.673324,0.598526,0.401366,0.487962
8816,0.179276,0.0843929,0.556367,0.514332
8817,0.186772,0.40943,0.502767,0.495711
8818,0.708099,0.592632,0.510895,0.482921
8819,0.7764,0.273597,0.577891,0.541276
8820,0.288588,0.588684,0.481024,0.490694
8821,0.230437,0.30781,0.543583,0.487439
8822,0.671247,0.534977,0.319401,0.550682
8823,0.463732,0.54516,0.56865,0.48529
8824,0.621215,0.670222,0.509661,0.481612
8825,0.125863,0.412049,0.513961,0.450816
8826,0.515664,0.261406,0.658674,0.502831
8827,0.742067,0.250599,0.705362,0.466199
8828,0.996567,0.623829,0.625633,0.556206
8829,0.502061,0.4344,0.435175,0.513536
8830,0.688264,0.602118,0.621049,0.519426
8831,0.869348,0.359871,0.536203,0.523757
8832,0.238861,0.193116,0.544145,0.495294
8833,0.31313,0.438546,0.501436,0.505168
8834,0.58734,0.451439,0.406445,0.436365
8835,0.410686,0.592889,0.405552,0.488946
8836,0.272521,0.794355,0.442537,0.463848
8837,0.0639362,0.335011,0.354884,0.518054
8838,0.869657,0.311006,0.595759,0.515562
8839,0.562488,0.444924,0.456231,0.507896
8840,0.112326,0.407658,0.386009,0.533141
8841,0.792709,0.0224702,0.469481,0.521719
8842,0.278707,0.593456,0.520055,0.486259
8843,0.547069,0.447743,0.595715,0.557325
8844,0.594394,0.656844,0.396261,0.508626
8845,0.00986008,0.456046,0.519875,0.515677
8846,0.254817,0.404004,0.441053,0.489121
8847,0.456953,0.153063,0.456984,0.509274
8848,0.694641,0.840067,0.530949,0.466695
8849,0.865933,0.544356,0.576941,0.542549
8850,0.338909,0.792768,0.390468,0.518302
8851,0.077023,0.0529176,0.423802,0.524046
8852,0.514844,0.506033,0.550093,0.474734
8853,0.261312,0.250057,0.511077,0.441865
8854,0.646014,0.422259,0.416329,0.469826
8855,0.0764423,0.811859,0.498868,0.545266
8856,0.270168,0.779022,0.543886,0.508547
8857,0.980549,0.67593,0.585853,0.453915
8858,0.140115,0.311815,0.512275,0.473118
8859,0.651991,0.329446,0.378382,0.482369
8860,0.829184,0.266018,0.44955,0.486034
8861,0.0181668,0.529713,0.563873,0.518854
8862,0.672271,0.956369,0.581883,0.534087
8863,0.800391,0.516402,0.552771,0.533954
8864,0.137688,0.339731,0.520417,0.505163
8865,0.56249,0.632937,0.487162,0.492865
8866,0.739697,0.885625,0.698109,0.483421
8867,0.44802,0.679991,0.562571,0.537777
8868,0.956927,0.753089,0.518045,0.509468
8869,0.340143,0.716491,0.486745,0.451962
8870,0.580889,0.408739,0.703884,0.515609
8871,0.689808,0.686822,0.470318,0.474965
8872,0.177163,0.337685,0.530235,0.559819
8873,0.635806,0.460564,0.458564,0.483901
8874,0.843804,0.218942,0.472446,0.468146
8875,0.371362,0.405228,0.420811,0.529952
8876,0.0972851,0.46659,0.28926,0.513695
8877,0.947801,0.608495,0.341418,0.506017
8878,0.859469,0.114422,0.476202,0.504358
8879,0.644529,0.312866,0.497782,0.493779
8880,0.715031,0.579644,0.352607,0.471918
8881,0.29714,0.22002,0.460312,0.51555
8882,0.137467,0.791108,0.634382,0.527797
8883,0.360597,0.26402,0.476872,0.43451
8884,0.631105,0.49774,0.45313,0.459449
8885,0.271342,0.123816,0.456376,0.500608
8886,0.594,0.507093,0.518583,0.534122
8887,0.129602,0.608566,0.542428,0.489618
8888,0.671233,0.175496,0.528839,0.495684
8889,0.269263,0.464314,0.300613,0.503148
8890,0.155375,0.497172,0.550034,0.473368
8891,0.430213,0.691411,0.585995,0.484093
8892,0.966327,0.205002,0.469649,0.517355
8893,0.652425,0.682893,0.358868,0.53677
8894,0.583849,0.48164,0.344277,0.529333
8895,0.632376,0.475785,0.432064,0.464761
8896,0.852071,0.595714,0.496482,0.522948
8897,0.853933,0.285827,0.302989,0.475506
8898,0.888943,0.680977,0.431348,0.454103
8899,0.493214,0.55177,0.523586,0.503586
8900,0.561147,0.488139,0.407061,0.523147
8901,0.418668,0.475349,0.398819,0.566616
8902,0.662171,0.694715,0.648778,0.467333
8903,0.373177,0.726244,0.515651,0.465719
8904,0.946313,0.445243,0.534919,0.491445
8905,0.637549,0.487808,0.483805,0.519577
8906,0.659267,0.76838,0.579154,0.517391
8907,0.830333,0.542678,0.427456,0.514367
8908,0.208692,0.301706,0.388366,0.499452
8909,0.302448,0.313821,0.601352,0.501358
8910,0.410547,0.259409,0.454982,0.50268
8911,0.591289,0.437382,0.534809,0.55441
8912,0.287847,0.795732,0.341767,0.541791
8913,0.273717,0.576443,0.598909,0.528608
8914,0.432055,0.486068,0.614428,0.51701
8915,0.341075,0.47844,0.480092,0.487676
8916,0.829117,0.482319,0.482376,0.507523
8917,0.365077,0.609335,0.422877,0.452026
8918,0.509346,0.630087,0.458614,0.475621
8919,0.964278,0.618205,0.453121,0.450102
8920,0.766527,0.414124,0.474408,0.482985
8921,0.575139,0.789692,0.444137,0.485694
8922,0.709608,0.55379,0.392805,0.473938
8923,0.41684,0.670394,0.461994,0.497317
8924,0.989646,0.522642,0.452927,0.501528
8925,0.214374,0.709793,0.399021,0.50114
8926,0.33058,0.438226,0.6514,0.457266
8927,0.392547,0.537048,0.662158,0.490556
8928,0.399741,0.346709,0.530796,0.498047
8929,0.992842,0.773597,0.395186,0.526052
8930,0.406401,0.765162,0.593472,0.506895
8931,0.418987,0.484444,0.626629,0.467092
8932,0.160177,0.608608,0.482198,0.472212
8933,0.86811,0.925188,0.460926,0.51247
8934,0.0577138,0.129989,0.658042,0.509516
8935,0.492303,0.613964,0.490163,0.473457
8936,0.0205546,0.563848,0.508521,0.488072
8937,0.344052,0.286327,0.548185,0.497735
8938,0.698807,0.524562,0.29468,0.45776
8939,0.324759,0.894568,0.742115,0.508505
8940,0.311705,0.545006,0.411403,0.515971
8941,0.117767,0.520182,0.559744,0.549933
8942,0.607173,0.471067,0.506649,0.53824
8943,0.688976,0.706229,0.421393,0.486892
8944,0.29417,0.241648,0.470972,0.514751
8945,0.370656,0.454727,0.473027,0.501909
8946,0.735988,0.684942,0.494205,0.489981
8947,0.121577,0.464276,0.414237,0.489424
8948,0.876896,0.128146,0.494508,0.469603
8949,0.686483,0.286724,0.47742,0.505591
8950,0.928991,0.324193,0.660866,0.46366
8951,0.789456,0.416229,0.591126,0.520252
8952,0.842789,0.252993,0.464265,0.508078
8953,0.368439,0.627693,0.617342,0.440229
8954,0.307961,0.433773,0.504159,0.456041
8955,0.985291,0.176339,0.649972,0.524577
8956,0.31678,0.582917,0.537936,0.470203
8957,0.852025,0.516407,0.415149,0.5106
8958,0.87928,0.569568,0.475557,0.442403
8959,0.335306,0.2268,0.453376,0.534636
8960,0.639831,0.561394,0.46847,0.497726
8961,0.722975,0.765203,0.599744,0.538269
8962,0.0883229,0.501648,0.445687,0.513045
8963,0.170538,0.394331,0.440184,0.493867
8964,0.574628,0.365125,0.501567,0.563918
8965,0.520089,0.774287,0.43917,0.481893
8966,0.784955,0.628277,0.596453,0.451107
8967,0.900493,0.819837,0.525402,0.474461
8968,0.0278136,0.457247,0.431489,0.543251
8969,0.721241,0.571394,0.606802,0.460322
8970,0.903135,0.120416,0.590133,0.473432
8971,0.871462,0.477851,0.534732,0.494701
8972,0.547679,0.438635,0.363723,0.496447
8973,0.985153,0.332951,0.526849,0.461256
8974,0.061373,0.263629,0.407817,0.521973
8975,0.795963,0.859799,0.395112,0.539655
8976,0.720064,0.947167,0.623801,0.510045
8977,0.478737,0.224577,0.45892,0.492355
8978,0.623896,0.435083,0.639396,0.440806
8979,0.0786017,0.186552,0.552726,0.499627
8980,0.369524,0.570379,0.305108,0.512448
8981,0.805594,0.45761,0.394256,0.512397
8982,0.796259,0.67518,0.540731,0.456094
8983,0.379728,0.324505,0.234506,0.560446
8984,0.964789,0.603147,0.567121,0.494644
8985,0.230118,0.576633,0.436143,0.476258
8986,0.74158,0.476047,0.309258,0.508832
8987,0.662843,0.49639,0.515213,0.480779
8988,0.770517,0.744936,0.544078,0.540192
8989,0.34672,0.440052,0.499768,0.485471
8990,0.0785644,0.36507,0.488231,0.470885
8991,0.344975,0.641397,0.494322,0.504451
8992,0.680895,0.299421,0.329871,0.514724
8993,0.576994,0.088755,0.655636,0.49996
8994,0.450146,0.325563,0.57557,0.534126
8995,0.559923,0.314784,0.507102,0.497767
8996,0.0707363,0.48395,0.557925,0.492034
8997,0.609802,0.361316,0.606466,0.497482
8998,0.0286115,0.346115,0.632096,0.523396
8999,0.970004,0.438241,0.5621,0.498382
9000,0.818293,0.510957,0.347203,0.485855
9001,0.569822,0.540036,0.468411,0.534385
9002,0.151949,0.76471,0.564288,0.462034
9003,0.00901624,0.319673,0.469685,0.505782
9004,0.459604,0.664267,0.452202,0.470494
9005,0.967189,0.519969,0.449409,0.440838
9006,0.976109,0.475967,0.669691,0.491744
9007,0.362673,0.642983,0.447884,0.474377
9008,0.451314,0.718644,0.613152,0.468773
9009,0.721463,0.689936,0.393621,0.499616
9010,0.693944,0.464456,0.312427,0.497145
9011,0.316558,0.26071,0.594606,0.485888
9012,0.128381,0.362249,0.392486,0.573954
9013,0.362991,0.794915,0.592124,0.511281
9014,0.0353804,0.541483,0.437866,0.562408
9015,0.218304,0.468315,0.618832,0.483605
9016,0.18218,0.462297,0.407354,0.547673
9017,0.208211,0.595186,0.434551,0.469064
9018,0.35257,0.686748,0.498098,0.548384
9019,0.571492,0.549152,0.334705,0.479599
9020,0.546376,0.810328,0.59029,0.485211
9021,0.415805,0.418682,0.369957,0.510292
9022,0.442363,0.682291,0.4645,0.531554
9023,0.533888,0.492227,0.536034,0.457451
9024,0.312366,0.703723,0.458592,0.461729
9025,0.6098,0.176221,0.521193,0.52183
9026,0.606677,0.488936,0.633901,0.531476
9027,0.130739,0.32624,0.366651,0.504991
9028,0.708817,0.235452,0.637191,0.510307
9029,0.674403,0.219178,0.706184,0.456005
9030,0.445672,0.832393,0.536879,0.534059
9031,0.0827014,0.596646,0.553858,0.509244
9032,0.933037,0.408158,0.512289,0.508776
9033,0.573082,0.397769,0.500086,0.499844
9034,0.0718536,0.577142,0.439022,0.469546
9035,0.523754,0.438203,0.434859,0.541777
9036,0.533915,0.157677,0.408597,0.504332
9037,0.0292319,0.844913,0.450087,0.480537
9038,0.284261,0.573471,0.559673,0.504358
9039,0.252322,0.452018,0.624187,0.507154
9040,0.5916,0.62351,0.358899,0.541799
9041,0.754797,0.57275,0.442886,0.557802
9042,0.615986,0.231559,0.651491,0.49559
9043,0.692607,0.359229,0.57566,0.537922
9044,0.748811,0.160731,0.410896,0.495052
9045,0.972074,0.820764,0.524467,0.560581
9046,0.83696,0.633428,0.483901,0.538702
9047,0.0853248,0.536492,0.404935,0.521521
9048,0.509776,0.332914,0.595013,0.4956
9049,0.307029,0.818175,0.3709,0.540298
9050,0.634877,0.628995,0.613137,0.49853
9051,0.189116,0.592097,0.665283,0.500508
9052,0.578644,0.705005,0.623087,0.494496
9053,0.0231201,0.488326,0.38335,0.491982
9054,0.894362,0.228515,0.521835,0.538903
9055,0.0357836,0.854124,0.604265,0.517574
9056,0.459452,0.477199,0.528802,0.53273
9057,0.0146846,0.0862502,0.493613,0.451969
9058,0.738219,0.415312,0.555885,0.557508
9059,0.0931227,0.939402,0.454688,0.478762
9060,0.340146,0.236973,0.486345,0.492797
9061,0.209192,0.466977,0.468922,0.517963
9062,0.681327,0.53727,0.521422,0.453086
9063,0.0660347,0.0673128,0.598954,0.477091
9064,0.34594,0.789977,0.506316,0.514494
9065,0.977487,0.463456,0.435009,0.442879
9066,0.680222,0.532789,0.43912,0.517084
9067,0.996095,0.776597,0.548852,0.467262
9068,0.640738,0.657695,0.522291,0.537841
9069,0.978802,0.2288,0.420018,0.524529
9070,0.248542,0.309302,0.557345,0.509457
9071,0.256973,0.18447,0.4474,0.500289
9072,0.304115,0.459148,0.424938,0.484544
9073,0.449725,0.574861,0.472264,0.492765
9074,0.265664,0.584731,0.533951,0.458925
9075,0.411812,0.57136,0.457638,0.422539
9076,0.296231,0.646588,0.413112,0.528483
9077,0.379168,0.212516,0.422765,0.525511
9078,0.654369,0.451826,0.60451,0.514553
9079,0.0914944,0.244678,0.574778,0.501802
9080,0.681282,0.624695,0.615201,0.479311
9081,0.109171,0.450498,0.437196,0.504179
9082,0.171123,0.422036,0.421287,0.433585
9083,0.430962,0.382085,0.589891,0.536424
9084,0.304833,0.895296,0.353997,0.508302
9085,0.697292,0.608643,0.507253,0.453622
9086,0.473387,0.401688,0.593267,0.517911
9087,0.994513,0.616906,0.439888,0.542343
9088,0.661467,0.843773,0.611971,0.501245
9089,0.622293,0.105128,0.631595,0.45597
9090,0.142632,0.663742,0.56674,0.448903
9091,0.329059,0.43154,0.381949,0.484637
9092,0.25229,0.490052,0.590699,0.501087
9093,0.0816169,0.530114,0.582404,0.482786
9094,0.0958389,0.680457,0.504315,0.480573
9095,0.574324,0.582108,0.500283,0.510238
9096,0.479183,0.400141,0.500859,0.487525
9097,0.906095,0.352291,0.28338,0.484956
9098,0.864991,0.515949,0.556463,0.559558
9099,0.167185,0.590077,0.446301,0.559317
9100,0.372575,0.489531,0.382404,0.50849
9101,0.912786,0.73961,0.664488,0.480904
9102,0.522348,0.245024,0.344821,0.505282
9103,0.308897,0.792327,0.474273,0.43471
9104,0.176612,0.206133,0.315586,0.518649
9105,0.95762,0.518018,0.421292,0.465022
9106,0.944435,0.0308243,0.424121,0.505244
9107,0.19261,0.216,0.495621,0.479276
9108,0.150672,0.178789,0.482393,0.484449
9109,0.881422,0.436916,0.492993,0.511166
9110,0.911085,0.585954,0.555863,0.511746
9111,0.157023,0.501701,0.355453,0.525441
9112,0.676454,0.541403,0.576828,0.498031
9113,0.530341,0.739171,0.571596,0.529327
9114,0.90537,0.349767,0.370288,0.482937
9115,0.0514358,0.289007,0.64197,0.491988
9116,0.828589,0.538467,0.606356,0.510265
9117,0.857847,0.816618,0.340882,0.543868
9118,0.999727,0.490741,0.534929,0.470745
9119,0.748061,0.140039,0.467427,0.520601
9120,0.573601,0.49383,0.602965,0.545425
9121,0.282397,0.425853,0.381092,0.462664
9122,0.873339,0.502143,0.471665,0.491671
9123,0.468003,0.63592,0.490475,0.496439
9124,0.462865,0.652036,0.660539,0.508377
9125,0.703085,0.688499,0.614505,0.47964
9126,0.702345,0.47888,0.415763,0.506398
9127,0.415358,0.350448,0.453418,0.518161
9128,0.492118,0.214005,0.487946,0.543739
9129,0.30479,0.236906,0.446462,0.507466
9130,0.700398,0.483343,0.498589,0.496204
9131,0.125846,0.78615,0.441333,0.506121
9132,0.281424,0.582474,0.429284,0.512143
9133,0.172459,0.41003,0.501737,0.518888
9134,0.671548,0.630605,0.531484,0.456319
9135,0.387251,0.53823,0.477516,0.523012
9136,0.109896,0.465861,0.531378,0.500517
9137,0.158423,0.562019,0.480812,0.498307
9138,0.685544,0.613258,0.505418,0.508955
9139,0.002585,0.607675,0.583497,0.52663
9140,0.99976,0.183304,0.473811,0.503133
9141,0.00253476,0.712378,0.365208,0.51115
9142,0.418966,0.370897,0.39545,0.464889
9143,0.935883,0.779085,0.471309,0.445025
9144,0.0216935,0.452084,0.420742,0.50208
9145,0.706985,0.523502,0.474006,0.42622
9146,0.751824,0.578631,0.329455,0.487521
9147,0.366214,0.362564,0.307977,0.452469
9148,0.481029,0.867598,0.671488,0.466649
9149,0.149139,0.208366,0.590735,0.461979
9150,0.702387,0.735279,0.467978,0.485336
9151,0.207882,0.610426,0.49171,0.500862
9152,0.492131,0.514026,0.505524,0.500029
9153,0.128482,0.405337,0.704196,0.48548
9154,0.963258,0.590044,0.530177,0.498089
9155,0.0328185,0.684362,0.488158,0.502813
9156,0.661738,0.54206,0.72715,0.550437
9157,0.958593,0.4529,0.489393,0.493877
9158,0.3156,0.733715,0.335593,0.51177
9159,0.822308,0.780374,0.462796,0.475006
9160,0.843581,0.551952,0.467871,0.476563
9161,0.52132,0.186606,0.433735,0.521992
9162,0.598653,0.236699,0.621622,0.512991
9163,0.315837,0.717933,0.569143,0.486162
9164,0.0143398,0.721965,0.515371,0.500744
9165,0.806307,0.383338,0.514891,0.511691
9166,0.15721,0.643804,0.41309,0.482811
9167,0.120072,0.454818,0.556523,0.463123
9168,0.729749,0.382542,0.584222,0.526729
9169,0.49164,0.500971,0.473418,0.463743
9170,0.645926,0.399446,0.596891,0.463658
9171,0.364564,0.275663,0.577577,0.448939
9172,0.980137,0.27627,0.564959,0.544104
9173,0.426283,0.299387,0.496259,0.461825
9174,0.507459,0.404274,0.487282,0.523897
9175,0.185375,0.183682,0.524199,0.523546
9176,0.864085,0.246656,0.587231,0.522505
9177,0.0167393,0.363382,0.324806,0.470273
9178,0.539476,0.484883,0.514801,0.498161
9179,0.29466,0.35216,0.408022,0.483284
9180,0.780519,0.310855,0.474259,0.482462
9181,0.782076,0.249071,0.599078,0.548482
9182,0.807291,0.244649,0.554889,0.505839
9183,0.433542,0.603315,0.522653,0.530293
9184,0.903059,0.301469,0.477108,0.535279
9185,0.72515,0.399735,0.411145,0.499436
9186,0.234679,0.270693,0.51483,0.525515
9187,0.656021,0.702911,0.661409,0.49441
9188,0.801663,0.881403,0.548207,0.473451
9189,0.894163,0.269405,0.516806,0.499093
9190,0.911659,0.276799,0.465642,0.452649
9191,0.67095,0.902737,0.586029,0.483728
9192,0.12765,0.677177,0.696387,0.510046
9193,0.517146,0.584727,0.383191,0.556207
9194,0.297547,0.804714,0.447585,0.496902
9195,0.363433,0.430621,0.305697,0.528076
9196,0.34743,0.536054,0.575434,0.476865
9197,0.540676,0.387392,0.557012,0.494977
9198,0.77927,0.48892,0.465248,0.502153
9199,0.0815713,0.507212,0.476206,0.4726
9200,0.322292,0.549575,0.671936,0.506329
9201,0.170146,0.637689,0.537022,0.549644
9202,0.584057,0.577596,0.554122,0.576894
9203,0.233019,0.136232,0.398323,0.49387
9204,0.967312,0.621542,0.416039,0.462588
9205,0.187872,0.119034,0.525623,0.472195
9206,0.863753,0.422338,0.641465,0.538351
9207,0.581008,0.233428,0.401853,0.523859
9208,0.81887,0.675877,0.542908,0.497593
9209,0.231685,0.245711,0.406701,0.500546
9210,0.292679,0.591241,0.498533,0.475788
9211,0.722557,0.179924,0.554632,0.520155
9212,0.790891,0.345125,0.547998,0.514452
9213,0.883677,0.411049,0.525563,0.491453
9214,0.0864103,0.276385,0.71012,0.484957
9215,0.402681,0.346344,0.628162,0.494315
9216,0.0542026,0.462281,0.533123,0.492586
9217,0.0983284,0.177895,0.295451,0.453748
9218,0.695082,0.472552,0.654306,0.457079
9219,0.366342,0.460649,0.465955,0.501694
9220,0.337356,0.768219,0.722549,0.538725
9221,0.162094,0.55202,0.474447,0.534822
9222,0.198489,0.776419,0.536522,0.455046
9223,0.642201,0.498528,0.506341,0.530848
9224,0.182833,0.877836,0.591276,0.548807
9225,0.712114,0.624117,0.484745,0.525391
9226,0.684002,0.43438,0.466086,0.492093
9227,0.725312,0.361068,0.465557,0.491114
9228,0.118287,0.716217,0.706191,0.505143
9229,0.258222,0.536759,0.509276,0.510961
9230,0.581127,0.854922,0.471279,0.462159
9231,0.784758,0.458606,0.533973,0.593538
9232,0.292792,0.40029,0.61216,0.509994
9233,0.776805,0.236201,0.511551,0.486939
9234,0.42373,0.162888,0.354508,0.496769
9235,0.440782,0.618008,0.610207,0.520542
9236,0.0139616,0.522601,0.439313,0.512617
9237,0.123089,0.199669,0.48436,0.519404
9238,0.0838625,0.535447,0.488151,0.473733
9239,0.976696,0.336225,0.61438,0.518748
9240,0.590358,0.675684,0.46696,0.506253
9241,0.804426,0.36894,0.429701,0.464075
9242,0.847668,0.112902,0.502922,0.543541
9243,0.185153,0.366862,0.489644,0.519883
9244,0.878093,0.584027,0.518803,0.50097
9245,0.854429,0.639932,0.481969,0.518426
9246,0.367834,0.37402,0.645162,0.468147
9247,0.976281,0.6867,0.615164,0.456837
9248,0.550709,0.694535,0.610515,0.467151
9249,0.648298,0.412936,0.572161,0.53007
9250,0.518878,0.720158,0.460879,0.484242
9251,0.945597,0.471617,0.595761,0.513374
9252,0.113008,0.386646,0.514323,0.544275
9253,0.224028,0.543382,0.343508,0.489852
9254,0.397532,0.402468,0.648759,0.512194
9255,0.329972,0.429313,0.633129,0.491841
9256,0.4747,0.533575,0.498292,0.474857
9257,0.461931,0.880748,0.506773,0.489574
9258,0.453551,0.191699,0.420375,0.477926
9259,0.156755,0.490496,0.577837,0.476226
9260,0.0568654,0.472561,0.455289,0.510584
9261,0.984181,0.462965,0.492283,0.488131
9262,0.215189,0.232958,0.484445,0.486201
9263,0.36936,0.439,0.554811,0.548121
9264,0.147892,0.583076,0.435643,0.476073
9265,0.243896,0.552392,0.628768,0.550221
9266,0.903775,0.313027,0.566911,0.48046
9267,0.716076,0.740461,0.479697,0.478271
9268,0.936654,0.248861,0.477942,0.467057
9269,0.575274,0.451679,0.457205,0.489866
9270,0.934652,0.822916,0.485865,0.49954
9271,0.11026,0.471947,0.458888,0.481631
9272,0.366272,0.675909,0.496781,0.548273
9273,0.286968,0.505745,0.559212,0.445824
9274,0.805009,0.612942,0.378555,0.530731
9275,0.870514,0.912123,0.499216,0.491747
9276,0.865284,0.1003,0.699218,0.53872
9277,0.73346,0.14898,0.520069,0.52393
9278,0.00678232,0.364285,0.447952,0.5297
9279,0.0592517,0.761405,0.538765,0.491108
9280,0.974014,0.15556,0.490748,0.487448
9281,0.945529,0.251952,0.519238,0.426354
9282,0.615107,0.754364,0.342257,0.531237
9283,0.355877,0.549872,0.430075,0.475465
9284,0.898233,0.450285,0.486505,0.473288
9285,0.311827,0.503607,0.697316,0.501162
9286,0.236192,0.850985,0.448301,0.483598
9287,0.294322,0.670807,0.530653,0.557145
9288,0.75195,0.666437,0.516472,0.501297
9289,0.168452,0.465448,0.325772,0.476303
9290,0.605767,0.671762,0.477779,0.458871
9291,0.000160421,0.450334,0.540273,0.50778
9292,0.514783,0.2234,0.419679,0.46374
9293,0.380445,0.272866,0.530477,0.476594
9294,0.769347,0.593231,0.624557,0.520226
9295,0.985066,0.217047,0.514511,0.514782
9296,0.00129527,0.820876,0.338901,0.453499
9297,0.215367,0.442769,0.605212,0.504425
9298,0.31372,0.253167,0.405687,0.454587
9299,0.269854,0.64553,0.511365,0.515938
9300,0.051021,0.596324,0.394191,0.494503
9301,0.360105,0.770397,0.297772,0.526018
9302,0.326799,0.787236,0.364201,0.449265
9303,0.754245,0.577574,0.612238,0.507878
9304,0.985536,0.393372,0.53298,0.471456
9305,0.882418,0.44382,0.647273,0.524272
9306,0.817994,0.267081,0.666952,0.468686
9307,0.943202,0.625404,0.406967,0.519537
9308,0.586356,0.482567,0.391281,0.456371
9309,0.571526,0.54152,0.472622,0.472644
9310,0.317546,0.213669,0.596671,0.460695
9311,0.956324,0.370737,0.539526,0.511196
9312,0.524241,0.313629,0.482151,0.461571
9313,0.409329,0.463835,0.422064,0.49634
9314,0.781057,0.761951,0.597796,0.431384
9315,0.237037,0.317667,0.558598,0.420967
9316,0.572457,0.380057,0.543793,0.489463
9317,0.146258,0.727252,0.543108,0.488491
9318,0.151268,0.228066,0.636407,0.455955
9319,0.0599411,0.549569,0.57484,0.518799
9320,0.975915,0.476134,0.582836,0.472885
9321,0.0227864,0.253759,0.659156,0.509038
9322,0.775619,0.318207,0.484512,0.476297
9323,0.293868,0.581175,0.451435,0.515897
9324,0.0930749,0.519202,0.553347,0.502772
9325,0.747458,0.335148,0.469708,0.459051
9326,0.0543903,0.421255,0.708959,0.501649
9327,0.870078,0.175028,0.691008,0.495001
9328,0.602875,0.255056,0.596256,0.501584
9329,0.791879,0.55135,0.438268,0.437123
9330,0.315379,0.810215,0.469092,0.487463
9331,0.953457,0.582356,0.562116,0.481989
9332,0.0553644,0.182638,0.567011,0.483056
9333,0.98819,0.46713,0.396893,0.508698
9334,0.998689,0.667678,0.600902,0.492261
9335,0.312053,0.635447,0.451913,0.486761
9336,0.879499,0.609344,0.503753,0.515628
9337,0.129493,0.504801,0.666898,0.462617
9338,0.216968,0.237834,0.547568,0.508475
9339,0.188246,0.912465,0.645244,0.514198
9340,0.837906,0.626473,0.598955,0.485054
9341,0.81181,0.261505,0.447485,0.458186
9342,0.966373,0.244368,0.60791,0.518824
9343,0.923262,0.554758,0.40887,0.474092
9344,0.686026,0.784015,0.361643,0.480463
9345,0.869309,0.165232,0.521078,0.524666
9346,0.441828,0.214621,0.499094,0.515274
9347,0.474516,0.66675,0.684783,0.500172
9348,0.957743,0.216434,0.484884,0.509216
9349,0.413496,0.888412,0.416925,0.454525
9350,0.703319,0.29315,0.613914,0.465956
9351,0.0599306,0.182817,0.43823,0.497703
9352,0.523498,0.359706,0.51645,0.543485
9353,0.381215,0.693921,0.501161,0.501171
9354,0.400768,0.352054,0.50486,0.52212
9355,0.701298,0.444861,0.521045,0.519417
9356,0.168372,0.700915,0.584431,0.542373
9357,0.533919,0.894953,0.447904,0.497388
9358,0.352357,0.613486,0.317877,0.53012
9359,0.124976,0.486956,0.543847,0.460716
9360,0.891227,0.273657,0.431247,0.516679
9361,0.658685,0.574678,0.505366,0.506452
9362,0.85039,0.556507,0.662056,0.483225
9363,0.986575,0.345153,0.433552,0.485048
9364,0.0626974,0.476503,0.499002,0.490972
9365,0.145478,0.528315,0.604075,0.475146
9366,0.911257,0.613262,0.533306,0.517472
9367,0.859386,0.464651,0.40502,0.494026
9368,0.786593,0.431389,0.488646,0.483524
9369,0.719842,0.141307,0.549555,0.495603
9370,0.969593,0.658028,0.36916,0.580498
9371,0.975445,0.513783,0.504511,0.43711
9372,0.72963,0.260195,0.549927,0.475728
9373,0.678529,0.872201,0.574859,0.507519
9374,0.325291,0.2096,0.519218,0.500103
9375,0.91338,0.372985,0.482614,0.492445
9376,0.917796,0.64943,0.375829,0.46802
9377,0.00965576,0.124617,0.462528,0.487606
9378,0.975834,0.317357,0.554954,0.490836
9379,0.837453,0.672797,0.60725,0.5016
9380,0.300051,0.266049,0.36411,0.510772
9381,0.999443,0.713936,0.331637,0.520718
9382,0.201973,0.561675,0.359871,0.524955
9383,0.524905,0.621377,0.50303,0.511501
9384,0.663561,0.915546,0.621869,0.52039
9385,0.773913,0.692978,0.461886,0.525667
9386,0.724805,0.309912,0.44474,0.484342
9387,0.260403,0.289693,0.458436,0.499486
9388,0.317525,0.292668,0.341711,0.47958
9389,0.354297,0.516623,0.51888,0.484901
9390,0.625825,0.232325,0.594159,0.520163
9391,0.181894,0.499798,0.621778,0.48237
9392,0.0696573,0.324014,0.647415,0.495719
9393,0.596303,0.604961,0.566295,0.524665
9394,0.133678,0.562859,0.403341,0.48783
9395,0.255528,0.664198,0.442454,0.475169
9396,0.781227,0.561476,0.532738,0.524186
9397,0.431474,0.702798,0.402087,0.522636
9398,0.353758,0.715108,0.504173,0.469049
9399,0.631,0.715519,0.425413,0.545095
9400,0.240435,0.539581,0.401679,0.468541
9401,0.448178,0.612119,0.425766,0.511984
9402,0.977057,0.723699,0.465538,0.505959
9403,0.54397,0.696318,0.460862,0.473991
9404,0.433174,0.704335,0.626786,0.503425
9405,0.573364,0.162999,0.607654,0.540984
9406,0.786862,0.228295,0.406015,0.502446
9407,0.51938,0.387176,0.362622,0.527906
9408,0.364468,0.764832,0.601475,0.578068
9409,0.696221,0.644499,0.452355,0.509433
9410,0.626242,0.566166,0.660726,0.465277
9411,0.687122,0.462966,0.379341,0.513556
9412,0.398939,0.482671,0.462469,0.470127
9413,0.981846,0.48477,0.37809,0.518724
9414,0.542165,0.767124,0.544549,0.485518
9415,0.317402,0.695752,0.502302,0.503095
9416,0.306734,0.931804,0.251955,0.515514
9417,0.546495,0.581017,0.509457,0.510334
9418,0.636422,0.691562,0.459636,0.484455
9419,0.953431,0.468768,0.539122,0.503773
9420,0.640665,0.628848,0.490474,0.466448
9421,0.514166,0.354582,0.729262,0.544143
9422,0.18814,0.6205,0.477375,0.495696
9423,0.96901,0.317829,0.798476,0.467573
9424,0.205609,0.709752,0.618465,0.506634
9425,0.374017,0.551338,0.668648,0.537301
9426,0.732867,0.760996,0.617066,0.516935
9427,0.181859,0.549946,0.369387,0.465702
9428,0.843272,0.634131,0.476485,0.550712
9429,0.35528,0.417242,0.634669,0.497724
9430,0.76048,0.398161,0.441888,0.493831
9431,0.952771,0.567268,0.598944,0.518886
9432,0.831357,0.917091,0.633853,0.449377
9433,0.29523,0.735466,0.568832,0.512597
9434,0.706208,0.896361,0.455686,0.540209
9435,0.607288,0.398418,0.481661,0.509419
9436,0.329403,0.366174,0.407576,0.528368
9437,0.479689,0.584351,0.574978,0.547963
9438,0.03988,0.579167,0.532893,0.511121
9439,0.110494,0.347238,0.666588,0.47512
9440,0.593603,0.546609,0.665358,0.528214
9441,0.186419,0.521743,0.513201,0.494404
9442,0.998343,0.41519,0.532025,0.55889
9443,0.755685,0.53657,0.546781,0.506309
9444,0.385701,0.582567,0.368011,0.463883
9445,0.380241,0.365426,0.379376,0.517472
9446,0.251322,0.182427,0.576836,0.469847
9447,0.71161,0.565311,0.389279,0.529781
9448,0.0286721,0.859167,0.43007,0.503466
9449,0.134366,0.153519,0.615316,0.488717
9450,0.344522,0.716913,0.546904,0.466723
9451,0.0969965,0.311437,0.34951,0.521306
9452,0.982696,0.715546,0.47775,0.529614
9453,0.0433394,0.252327,0.448544,0.510396
9454,0.834579,0.37482,0.472302,0.506419
9455,0.770352,0.590103,0.636378,0.500399
9456,0.353527,0.872163,0.537799,0.505641
9457,0.0261772,0.639266,0.556397,0.46799
9458,0.733622,0.415352,0.50861,0.455643
9459,0.161237,0.590274,0.485437,0.525789
9460,0.282619,0.736608,0.439274,0.491917
9461,0.589432,0.519657,0.587367,0.501129
9462,0.238392,0.172285,0.675029,0.530706
9463,0.61908,0.628754,0.376833,0.552261
9464,0.241386,0.565158,0.455032,0.511541
9465,0.643496,0.720455,0.541688,0.534073
9466,0.15764,0.714655,0.628256,0.477966
9467,0.278388,0.827832,0.809308,0.481986
9468,0.554119,0.46832,0.615717,0.47396
9469,0.374624,0.510832,0.688755,0.518161
9470,0.306004,0.35415,0.439278,0.496078
9471,0.164944,0.580275,0.505936,0.48632
9472,0.354979,0.746139,0.523488,0.510576
9473,0.221942,0.586028,0.544537,0.434377
9474,0.142871,0.553198,0.622816,0.510747
9475,0.995246,0.538888,0.56348,0.464904
9476,0.149939,0.39423,0.565615,0.498957
9477,0.663706,0.561573,0.298236,0.455848
9478,0.747476,0.300753,0.385993,0.520075
9479,0.118399,0.470615,0.534797,0.533007
9480,0.366748,0.76801,0.431642,0.486495
9481,0.969888,0.791849,0.402629,0.466616
9482,0.889265,0.192339,0.422462,0.479342
9483,0.552476,0.447889,0.509717,0.527936
9484,0.053234,0.326384,0.586929,0.46672
9485,0.236832,0.669557,0.452267,0.450765
9486,0.43445,0.679303,0.651779,0.466083
9487,0.780907,0.501058,0.578655,0.491301
9488,0.201158,0.155948,0.527434,0.501408
9489,0.511321,0.488037,0.381578,0.468875
9490,0.99093,0.204245,0.424893,0.450136
9491,0.57267,0.200843,0.457069,0.543485
9492,0.160317,0.223533,0.475366,0.52067
9493,0.481562,0.35105,0.621495,0.558237
9494,0.80573,0.242742,0.481325,0.501848
9495,0.715503,0.542353,0.537171,0.4651
9496,0.0526494,0.702426,0.475195,0.485729
9497,0.625819,0.57661,0.64687,0.498166
9498,0.169704,0.715365,0.410446,0.47041
9499,0.31533,0.512869,0.523128,0.460077
9500,0.942218,0.511713,0.579316,0.49166
9501,0.648895,0.332326,0.503467,0.548515
9502,0.537328,0.971224,0.45948,0.491154
9503,0.797716,0.582741,0.391857,0.486562
9504,0.363621,0.707728,0.499705,0.499383
9505,0.00428237,0.816418,0.485922,0.432042
9506,0.225246,0.289449,0.427884,0.526261
9507,0.497227,0.48809,0.485453,0.522593
9508,0.414579,0.44249,0.636131,0.499177
9509,0.0164201,0.805755,0.497576,0.491016
9510,0.808325,0.875666,0.337795,0.510445
9511,0.755675,0.688857,0.352855,0.498761
9512,0.390182,0.789925,0.525108,0.486315
9513,0.0223557,0.661861,0.497831,0.484228
9514,0.489057,0.486386,0.381848,0.487469
9515,0.756703,0.586864,0.574527,0.502427
9516,0.444974,0.332719,0.50175,0.439723
9517,0.703623,0.43742,0.558319,0.488902
9518,0.984137,0.497683,0.493939,0.522632
9519,0.35705,0.46424,0.569304,0.507652
9520,0.239289,0.55934,0.506281,0.496095
9521,0.754106,0.766417,0.51912,0.54666
9522,0.466321,0.910435,0.499028,0.501167
9523,0.358039,0.828594,0.42911,0.489503
9524,0.338903,0.463306,0.338081,0.506368
9525,0.823866,0.645212,0.361216,0.515224
9526,0.341522,0.480036,0.570977,0.455826
9527,0.886815,0.290968,0.474542,0.496002
9528,0.329224,0.448662,0.465067,0.543092
9529,0.606771,0.601547,0.479623,0.45671
9530,0.058462,0.463815,0.521242,0.474152
9531,0.687101,0.306659,0.679387,0.528264
9532,0.370274,0.473015,0.499836,0.462718
9533,0.534503,0.873339,0.529018,0.485728
9534,0.574893,0.546599,0.377108,0.465153
9535,0.483638,0.315734,0.569458,0.489579
9536,0.106249,0.610914,0.583658,0.495454
9537,0.0530703,0.536071,0.283387,0.479789
9538,0.78077,0.548931,0.369678,0.536624
9539,0.482052,0.95529,0.642865,0.464891
9540,0.459318,0.266988,0.564903,0.478734
9541,0.361044,0.671235,0.554119,0.502356
9542,0.251219,0.820668,0.585045,0.451348
9543,0.264041,0.192435,0.45431,0.52858
9544,0.543606,0.543626,0.672232,0.502796
9545,0.970791,0.490631,0.385283,0.513919
9546,0.723466,0.114851,0.545654,0.488132
9547,0.572984,0.246487,0.612471,0.503171
9548,0.550502,0.768211,0.579664,0.435073
9549,0.923236,0.841886,0.516367,0.535352
9550,0.121071,0.625291,0.453816,0.460218
9551,0.962288,0.519152,0.301366,0.484914
9552,0.454925,0.468605,0.41781,0.483268
9553,0.0700498,0.926409,0.484781,0.534291
9554,0.651023,0.721041,0.579348,0.549446
9555,0.171935,0.60836,0.485854,0.501583
9556,0.405081,0.273776,0.64301,0.546833
9557,0.880391,0.25662,0.433754,0.550814
9558,0.246051,0.249139,0.404358,0.492589
9559,0.0503121,0.208163,0.617772,0.498603
9560,0.972425,0.492845,0.636122,0.527364
9561,0.796848,0.446768,0.384124,0.532201
9562,0.593581,0.193644,0.509042,0.552081
9563,0.459783,0.344558,0.429427,0.484341
9564,0.497569,0.736374,0.53015,0.476799
9565,0.540217,0.640433,0.496726,0.49443
9566,0.268126,0.126287,0.513864,0.454798
9567,0.975779,0.703408,0.580048,0.474257
9568,0.67118,0.197155,0.388147,0.507551
9569,0.947226,0.68506,0.358937,0.524192
9570,0.555749,0.476974,0.569517,0.480122
9571,0.359143,0.697726,0.590202,0.464261
9572,0.492511,0.47504,0.459662,0.552524
9573,0.139906,0.213962,0.425175,0.461031
9574,0.824095,0.468103,0.452456,0.485257
9575,0.267765,0.510641,0.528676,0.471188
9576,0.764071,0.545224,0.687796,0.539537
9577,0.00954155,0.921318,0.465065,0.453615
9578,0.552089,0.435245,0.589332,0.477008
9579,0.962423,0.438225,0.663023,0.455522
9580,0.37754,0.127779,0.434575,0.490772
9581,0.310133,0.535251,0.650412,0.483525
9582,0.0986496,0.600307,0.569326,0.523092
9583,0.808306,0.431234,0.593266,0.508426
9584,0.547903,0.876908,0.517085,0.532692
9585,0.973089,0.515145,0.356223,0.47825
9586,0.0750579,0.636854,0.542811,0.522882
9587,0.101817,0.47261,0.590303,0.479487
9588,0.740817,0.592283,0.440594,0.497088
9589,0.672125,0.216469,0.662731,0.483656
9590,0.812249,0.598092,0.644091,0.470328
9591,0.554437,0.691416,0.375805,0.518528
9592,0.849524,0.745634,0.279967,0.473873
9593,0.99948,0.261584,0.512833,0.494
9594,0.310159,0.555942,0.473654,0.546081
9595,0.00303731,0.454668,0.615936,0.556967
9596,0.905562,0.259562,0.561969,0.497474
9597,0.894868,0.397789,0.278441,0.49096
9598,0.555231,0.277045,0.552715,0.519561
9599,0.419158,0.334511,0.351539,0.491746
9600,0.601657,0.480887,0.565853,0.430606
9601,0.94892,0.671328,0.48319,0.476121
9602,0.934552,0.653244,0.403192,0.495321
9603,0.857234,0.745064,0.634567,0.465421
9604,0.671499,0.528865,0.4778,0.533361
9605,0.854006,0.442663,0.468541,0.445174
9606,0.307342,0.687447,0.455921,0.444516
9607,0.881077,0.794487,0.354074,0.494755
9608,0.871487,0.602884,0.458668,0.546315
9609,0.2867,0.446144,0.413886,0.475821
9610,0.169342,0.450623,0.657388,0.527087
9611,0.475561,0.303975,0.471931,0.509767
9612,0.262631,0.400923,0.628951,0.480302
9613,0.785915,0.275755,0.454463,0.441292
9614,0.222085,0.47439,0.60162,0.501373
9615,0.191335,0.494956,0.393286,0.505826
9616,0.67094,0.587566,0.517175,0.511991
9617,0.365946,0.5649,0.397204,0.49148
9618,0.902272,0.491004,0.392779,0.465714
9619,0.958473,0.714315,0.501517,0.510621
9620,0.742888,0.380076,0.498084,0.465008
9621,0.519906,0.616824,0.414623,0.555325
9622,0.308039,0.805973,0.441495,0.514211
9623,0.782727,0.118505,0.511697,0.450964
9624,0.695915,0.476205,0.467094,0.485423
9625,0.490852,0.915156,0.488966,0.470166
9626,0.156493,0.477781,0.472665,0.501627
9627,0.516895,0.521485,0.447336,0.45395
9628,0.635786,0.474482,0.522645,0.484587
9629,0.998459,0.570894,0.558784,0.512776
9630,0.504503,0.536688,0.395435,0.478369
9631,0.659764,0.367046,0.516977,0.413183
9632,0.772621,0.444961,0.485431,0.440822
9633,0.510348,0.299768,0.651123,0.536483
9634,0.952619,0.415102,0.540924,0.486134
9635,0.224991,0.438827,0.442101,0.561276
9636,0.771367,0.767189,0.46301,0.49606
9637,0.359829,0.617063,0.515521,0.500709
9638,0.826607,0.362969,0.656144,0.511017
9639,0.159759,0.0846422,0.435282,0.449782
9640,0.232504,0.195852,0.422246,0.538403
9641,0.97533,0.417506,0.649122,0.502264
9642,0.695202,0.722794,0.46193,0.499197
9643,0.564324,0.706275,0.504668,0.549709
9644,0.483261,0.839426,0.375318,0.503431
9645,0.859344,0.495333,0.341344,0.468207
9646,0.745197,0.442687,0.509822,0.478689
9647,0.52383,0.540052,0.412153,0.480092
9648,0.693125,0.401666,0.394941,0.515193
9649,0.113313,0.561231,0.384898,0.481941
9650,0.611305,0.577018,0.541168,0.479512
9651,0.136803,0.502937,0.470104,0.476278
9652,0.190863,0.261106,0.390873,0.49384
9653,0.845146,0.822902,0.598348,0.468949
9654,0.769604,0.290249,0.557414,0.456992
9655,0.203063,0.467012,0.444748,0.498855
9656,0.790707,0.933473,0.505008,0.525056
9657,0.0325418,0.296674,0.572102,0.454912
9658,0.47778,0.630103,0.612193,0.514254
9659,0.87887,0.80267,0.350296,0.511144
9660,0.126193,0.422066,0.481342,0.513501
9661,0.881091,0.478353,0.560515,0.503491
9662,0.316592,0.723786,0.554521,0.448179
9663,0.748889,0.636063,0.461201,0.478049
9664,0.290916,0.72045,0.466987,0.487653
9665,0.66332,0.779417,0.360967,0.457581
9666,0.895393,0.790347,0.371707,0.518756
9667,0.501946,0.424947,0.522529,0.479475
9668,0.502146,0.661232,0.591312,0.468401
9669,0.923969,0.374225,0.697074,0.517785
9670,0.376541,0.730768,0.446658,0.467747
9671,0.498061,0.782509,0.469929,0.502615
9672,0.697827,0.837855,0.504271,0.492768
9673,0.977507,0.637206,0.495981,0.504165
9674,0.701874,0.394903,0.565612,0.484416
9675,0.714288,0.271636,0.43801,0.471884
9676,0.768416,0.45943,0.54712,0.573895
9677,0.21417,0.695492,0.544621,0.548354
9678,0.228138,0.333208,0.560132,0.471692
9679,0.0614582,0.640866,0.483758,0.543204
9680,0.986846,0.790061,0.456198,0.518141
9681,0.997842,0.489243,0.540338,0.436776
9682,0.762498,0.386244,0.574982,0.516051
9683,0.0469111,0.353548,0.411824,0.47851
9684,0.763519,0.895198,0.603205,0.491606
9685,0.22836,0.0134813,0.417975,0.503467
9686,0.505603,0.3735,0.617417,0.441497
9687,0.862245,0.636955,0.380743,0.52173
9688,0.405764,0.451676,0.555737,0.565681
9689,0.0169618,0.693644,0.5269,0.501688
9690,0.335762,0.504994,0.522004,0.437903
9691,0.811371,0.698948,0.500373,0.431975
9692,0.545929,0.621526,0.364594,0.481213
9693,0.669699,0.391822,0.323022,0.473529
9694,0.287694,0.106729,0.579495,0.534435
9695,0.642775,0.464568,0.395616,0.473151
9696,0.418936,0.750834,0.576927,0.502656
9697,0.291659,0.808792,0.496202,0.490101
9698,0.4832,0.539325,0.612028,0.550478
9699,0.859747,0.599445,0.491831,0.519596
9700,0.474449,0.30506,0.526447,0.488966
9701,0.0355724,0.18302,0.723087,0.522846
9702,0.555472,0.0751786,0.37621,0.522212
9703,0.970925,0.824413,0.642802,0.479578
9704,0.812971,0.424885,0.416026,0.511142
9705,0.261171,0.523813,0.45779,0.548126
9706,0.576403,0.323389,0.548939,0.448353
9707,0.397257,0.387001,0.529735,0.495397
9708,0.70758,0.777882,0.598962,0.523951
9709,0.804772,0.671305,0.57366,0.498819
9710,0.356057,0.455583,0.469305,0.511451
9711,0.325401,0.528827,0.554001,0.480444
9712,0.738149,0.549749,0.460246,0.480785
9713,0.058955,0.457975,0.461987,0.542117
9714,0.850739,0.454652,0.607208,0.472061
9715,0.115504,0.549069,0.459325,0.467622
9716,0.703702,0.0855936,0.538259,0.497376
9717,0.72551,0.549424,0.47856,0.503503
9718,0.312317,0.409518,0.401369,0.514984
9719,0.325866,0.476548,0.570332,0.545148
9720,0.0281773,0.540345,0.412709,0.506589
9721,0.745621,0.248316,0.394957,0.511882
9722,0.164299,0.602329,0.415012,0.535139
9723,0.36944,0.477131,0.530777,0.507595
9724,0.52855,0.674002,0.481229,0.47935
9725,0.062596,0.424074,0.433938,0.506409
9726,0.733687,0.43217,0.617563,0.523398
9727,0.0975723,0.677566,0.461106,0.542222
9728,0.521709,0.440561,0.482176,0.555216
9729,0.286412,0.239338,0.510697,0.515726
9730,0.642057,0.306427,0.498948,0.490379
9731,0.0137163,0.507234,0.513036,0.45095
9732,0.813549,0.640319,0.484644,0.501852
9733,0.976584,0.626719,0.614773,0.486322
9734,0.511029,0.284565,0.705524,0.491733
9735,0.621519,0.558922,0.448287,0.531732
9736,0.302455,0.567349,0.410897,0.549968
9737,0.829794,0.858142,0.489407,0.437656
9738,0.719222,0.819316,0.56195,0.477304
9739,0.844147,0.649337,0.466458,0.54239
9740,0.0581713,0.283363,0.396219,0.525812
9741,0.459616,0.563541,0.621798,0.513786
9742,0.218704,0.309192,0.482512,0.476718
9743,0.21997,0.708053,0.597755,0.505305
9744,0.780545,0.444613,0.503788,0.446349
9745,0.314458,0.40292,0.462433,0.518507
9746,0.244239,0.319016,0.412103,0.485858
9747,0.357611,0.515637,0.492,0.450291
9748,0.631611,0.620869,0.537605,0.43442
9749,0.442167,0.170338,0.645101,0.464867
9750,0.399736,0.768778,0.567387,0.49538
9751,0.063508,0.511078,0.495525,0.500774
9752,0.356174,0.458645,0.537005,0.486831
9753,0.840198,0.492226,0.469778,0.479155
9754,0.760891,0.725791,0.531149,0.479248
9755,0.748793,0.446264,0.519259,0.487656
9756,0.303676,0.600568,0.45667,0.504034
9757,0.81184,0.745183,0.513884,0.49066
9758,0.875202,0.812842,0.508666,0.486347
9759,0.759611,0.819217,0.359061,0.496152
9760,0.0374115,0.287979,0.463785,0.495153
9761,0.583878,0.317004,0.516961,0.555374
9762,0.860427,0.380944,0.56758,0.481884
9763,0.704724,0.694048,0.515147,0.571019
9764,0.421886,0.41534,0.608771,0.528256
9765,0.149817,0.51371,0.690191,0.485939
9766,0.0966943,0.766478,0.598439,0.520618
9767,0.694089,0.327297,0.540925,0.490267
9768,0.827428,0.406596,0.500318,0.55722
9769,0.324856,0.606867,0.373762,0.420309
9770,0.578636,0.499085,0.360285,0.496287
9771,0.638188,0.768335,0.389572,0.519127
9772,0.951409,0.641289,0.454033,0.489948
9773,0.992519,0.238906,0.627655,0.494257
9774,0.0509669,0.15067,0.485569,0.53907
9775,0.845534,0.274073,0.463964,0.505039
9776,0.952245,0.330544,0.264212,0.477367
9777,0.864975,0.36666,0.508205,0.501954
9778,0.209258,0.582458,0.544842,0.43584
9779,0.518616,0.651097,0.443972,0.478316
9780,0.506541,0.351231,0.410036,0.510227
9781,0.365478,0.519352,0.454632,0.48569
9782,0.0285834,0.183288,0.510161,0.49939
9783,0.279246,0.374914,0.584317,0.477071
9784,0.0684688,0.274089,0.452991,0.445479
9785,0.786422,0.458866,0.374883,0.529399
9786,0.614129,0.888268,0.565616,0.468206
9787,0.41418,0.586896,0.553128,0.471714
9788,0.227081,0.414623,0.476614,0.52263
9789,0.213402,0.626835,0.454334,0.507348
9790,0.683631,0.474751,0.514897,0.51566
9791,0.450982,0.573132,0.410529,0.503847
9792,0.471332,0.50265,0.589896,0.522195
9793,0.0864446,0.501946,0.477531,0.533057
9794,0.131905,0.567312,0.61292,0.507209
9795,0.251373,0.511498,0.390184,0.504508
9796,0.890021,0.37862,0.351851,0.484935
9797,0.164824,0.816341,0.402897,0.455667
9798,0.239298,0.722189,0.447421,0.499215
9799,0.812122,0.74705,0.414104,0.472507
9800,0.0167391,0.415826,0.429091,0.486103
9801,0.261135,0.824251,0.401518,0.560455
9802,0.521243,0.744516,0.425609,0.518945
9803,0.128439,0.422253,0.499334,0.48771
9804,0.996626,0.633482,0.385669,0.53027
9805,0.821728,0.498427,0.589556,0.493403
9806,0.434352,0.420785,0.451544,0.509924
9807,0.00675666,0.935679,0.348855,0.436822
9808,0.976838,0.764942,0.602254,0.5086
9809,0.381192,0.357635,0.46272,0.450598
9810,0.0207584,0.589379,0.545548,0.470864
9811,0.78659,0.606618,0.490199,0.48798
9812,0.737041,0.499182,0.46978,0.563409
9813,0.453951,0.496028,0.581423,0.473168
9814,0.858276,0.450814,0.553655,0.502482
9815,0.187469,0.446642,0.253441,0.500632
9816,0.367045,0.405628,0.603326,0.538763
9817,0.610772,0.374485,0.345024,0.52631
9818,0.567086,0.826625,0.5815,0.50052
9819,0.548049,0.633481,0.47239,0.521252
9820,0.709218,0.42865,0.440082,0.537358
9821,0.605156,0.314768,0.508604,0.533238
9822,0.688069,0.363743,0.684295,0.48277
9823,0.650437,0.38578,0.543502,0.533699
9824,0.413264,0.107029,0.348095,0.522334
9825,0.466234,0.366359,0.699473,0.515371
9826,0.483842,0.164725,0.436067,0.563666
9827,0.172497,0.375244,0.468353,0.473031
9828,0.0560211,0.706681,0.66996,0.47955
9829,0.68159,0.43789,0.533713,0.520277
9830,0.517444,0.280607,0.533452,0.504829
9831,0.101813,0.19865,0.406866,0.508547
9832,0.771439,0.185361,0.410073,0.515621
9833,0.894812,0.632006,0.553858,0.487673
9834,0.538296,0.272302,0.570431,0.549331
9835,0.663611,0.566872,0.537065,0.518418
9836,0.284015,0.832123,0.560259,0.486184
9837,0.096816,0.613941,0.53309,0.497531
9838,0.959394,0.530696,0.721737,0.499434
9839,0.416153,0.239903,0.497284,0.454544
9840,0.867403,0.100586,0.424031,0.486827
9841,0.973912,0.787029,0.532353,0.497019
9842,0.158998,0.709763,0.427696,0.442499
9843,0.0749531,0.521432,0.410711,0.530053
9844,0.439527,0.204569,0.484079,0.437475
9845,0.985046,0.437381,0.455324,0.495949
9846,0.00582548,0.498476,0.478184,0.540748
9847,0.734005,0.687315,0.479234,0.478123
9848,0.293381,0.651121,0.763335,0.524072
9849,0.689984,0.427004,0.410545,0.502604
9850,0.816644,0.625845,0.406775,0.552955
9851,0.819534,0.6099,0.491009,0.482334
9852,0.542189,0.29536,0.521847,0.565793
9853,0.872673,0.729327,0.535973,0.469581
9854,0.743206,0.111446,0.549011,0.517989
9855,0.169594,0.793029,0.508319,0.495702
9856,0.578337,0.522529,0.437135,0.511052
9857,0.851572,0.57042,0.732017,0.526609
9858,0.0919135,0.556123,0.574816,0.501861
9859,0.879967,0.476308,0.471347,0.525416
9860,0.213284,0.166299,0.724498,0.46287
9861,0.0120311,0.307655,0.335628,0.475539
9862,0.950885,0.491557,0.420292,0.444522
9863,0.26086,0.515335,0.438848,0.508516
9864,0.842724,0.192302,0.418248,0.488023
9865,0.724387,0.277277,0.588401,0.500769
9866,0.788002,0.312848,0.427282,0.435568
9867,0.646208,0.197583,0.445473,0.532668
9868,0.285812,0.508077,0.569917,0.52152
9869,0.333384,0.692726,0.531783,0.532685
9870,0.349012,0.507581,0.42104,0.517249
9871,0.592949,0.500115,0.232204,0.486229
9872,0.854062,0.563879,0.302457,0.477508
9873,0.446925,0.483784,0.515628,0.516156
9874,0.592064,0.732849,0.350887,0.44915
9875,0.875438,0.210705,0.332969,0.490408
9876,0.84532,0.303999,0.53015,0.491479
9877,0.16059,0.627045,0.533217,0.502128
9878,0.815673,0.805724,0.481862,0.524639
9879,0.762568,0.681842,0.396645,0.478854
9880,0.818111,0.69917,0.414769,0.530846
9881,0.693377,0.613067,0.38485,0.48684
9882,0.248764,0.452554,0.415671,0.500121
9883,0.473745,0.318106,0.296304,0.528881
9884,0.625145,0.283198,0.444233,0.528225
9885,0.962838,0.49416,0.498919,0.476517
9886,0.758137,0.860589,0.557859,0.472216
9887,0.0244581,0.449808,0.421194,0.45417
9888,0.871287,0.13995,0.418036,0.513423
9889,0.396257,0.416372,0.667313,0.479495
9890,0.980612,0.906559,0.618617,0.53575
9891,0.441819,0.445496,0.543764,0.478641
9892,0.966803,0.511111,0.593832,0.517863
9893,0.47931,0.304172,0.431818,0.504033
9894,0.000819874,0.178451,0.583115,0.489787
9895,0.572558,0.376058,0.473338,0.450459
9896,0.683315,0.55456,0.444166,0.533128
9897,0.624403,0.768746,0.628238,0.507422
9898,0.973751,0.398476,0.42228,0.535375
9899,0.406974,0.564594,0.407111,0.47661
9900,0.655916,0.773594,0.506225,0.520345
9901,0.555577,0.870248,0.580908,0.516864
9902,0.0427971,0.499641,0.707665,0.485163
9903,0.457264,0.427252,0.612256,0.482075
9904,0.83497,0.317472,0.458025,0.468326
9905,0.932686,0.787744,0.555542,0.47886
9906,0.144343,0.870186,0.478009,0.47206
9907,0.681367,0.806521,0.452343,0.521265
9908,0.856133,0.344636,0.461517,0.477543
9909,0.96999,0.132547,0.523608,0.542879
9910,0.340462,0.186685,0.576429,0.494577
9911,0.626513,0.38349,0.426352,0.497985
9912,0.704121,0.625342,0.578934,0.478332
9913,0.657981,0.663208,0.555006,0.455881
9914,0.109687,0.897915,0.594425,0.495948
9915,0.741379,0.279897,0.326455,0.50657
9916,0.0881249,0.286236,0.458297,0.47191
9917,0.405267,0.293019,0.41349,0.553116
9918,0.38613,0.449691,0.443226,0.560515
9919,0.502258,0.862897,0.635875,0.521102
9920,0.474166,0.874293,0.324555,0.491092
9921,0.73165,0.480726,0.644312,0.49155
9922,0.309691,0.470933,0.607923,0.504581
9923,0.415688,0.470953,0.66265,0.519389
9924,0.737861,0.112597,0.494317,0.505658
9925,0.534963,0.50656,0.566792,0.486592
9926,0.781141,0.650314,0.571527,0.453095
9927,0.865213,0.901558,0.608467,0.538852
9928,0.572273,0.269254,0.606764,0.459516
9929,0.611992,0.590873,0.454096,0.459448
9930,0.558294,0.261004,0.43306,0.493477
9931,0.899662,0.341269,0.560951,0.535332
9932,0.927953,0.459382,0.646098,0.559632
9933,0.946418,0.331034,0.42441,0.51787
9934,0.24224,0.140483,0.457251,0.521624
9935,0.619596,0.464163,0.617488,0.483122
9936,0.350736,0.507262,0.59897,0.499601
9937,0.910813,0.720916,0.395003,0.511066
9938,0.950924,0.368057,0.31676,0.523186
9939,0.981247,0.352007,0.430725,0.493066
9940,0.747983,0.332364,0.483716,0.485261
9941,0.311267,0.470713,0.46433,0.491709
9942,0.532754,0.431889,0.51745,0.458437
9943,0.245902,0.561517,0.530014,0.470342
9944,0.143086,0.372754,0.509193,0.490213
9945,0.196491,0.545149,0.575472,0.542973
9946,0.0130753,0.429895,0.591399,0.49703
9947,0.568635,0.131816,0.426151,0.477364
9948,0.814338,0.56843,0.334374,0.512185
9949,0.841544,0.554705,0.65279,0.523031
9950,0.675316,0.457132,0.422373,0.527572
9951,0.423588,0.326838,0.643421,0.480154
9952,0.957485,0.203943,0.43304,0.506126
9953,0.301577,0.324584,0.455777,0.507077
9954,0.24654,0.511113,0.617903,0.506707
9955,0.752551,0.368844,0.525178,0.516233
9956,0.917176,0.825436,0.510695,0.508381
9957,0.633836,0.273987,0.51067,0.529363
9958,0.480613,0.273203,0.406946,0.486317
9959,0.416864,0.953553,0.596517,0.543735
9960,0.0132551,0.435492,0.425554,0.462606
9961,0.246223,0.496248,0.399626,0.5137
9962,0.813849,0.338714,0.531086,0.53089
9963,0.216103,0.745584,0.497087,0.467707
9964,0.111768,0.226057,0.547026,0.508827
9965,0.00594229,0.657673,0.534959,0.546781
9966,0.416894,0.27287,0.381346,0.498133
9967,0.365627,0.823091,0.463199,0.480544
9968,0.0822928,0.293763,0.520804,0.51158
9969,0.60939,0.736862,0.635408,0.498599
9970,0.997947,0.729285,0.445549,0.454948
9971,0.822669,0.348565,0.373264,0.496966
9972,0.0235521,0.714339,0.539384,0.532969
9973,0.369908,0.601201,0.453386,0.519332
9974,0.147673,0.809365,0.468891,0.48091
9975,0.609887,0.451931,0.393646,0.514868
9976,0.165444,0.717044,0.442852,0.506125
9977,0.838018,0.545219,0.364945,0.501452
9978,0.283092,0.454919,0.551579,0.547842
9979,0.667449,0.47317,0.280348,0.48466
9980,0.360874,0.742265,0.46201,0.50046
9981,0.562275,0.466126,0.303602,0.495789
9982,0.680322,0.604596,0.433101,0.485016
9983,0.59987,0.562972,0.60011,0.451245
9984,0.414798,0.69423,0.291646,0.551743
9985,0.580035,0.282094,0.458408,0.504772
9986,0.424492,0.32242,0.726531,0.505272
9987,0.770794,0.607153,0.514434,0.432439
9988,0.666468,0.587238,0.63586,0.538866
9989,0.86684,0.653261,0.516574,0.496505
9990,0.995991,0.400987,0.414372,0.491023
9991,0.805321,0.63706,0.49136,0.520473
9992,0.406206,0.461525,0.452195,0.479594
9993,0.660271,0.376076,0.449815,0.46858
9994,0.708153,0.392675,0.508334,0.496075
9995,0.921597,0.114715,0.429561,0.511853
9996,0.188361,0.909973,0.451686,0.496273
9997,0.217161,0.507936,0.647131,0.497046
9998,0.271482,0.531857,0.680266,0.477505
9999,0.336336,0.72627,0.641902,0.535567
